GeneSymbol	APOD	CCDC92	CYS1	GSDME	ST8SIA5	STARD3NL	TMEM245	TSPYL5	VAT1
Sample001	4.910403933	7.280156494	3.556429805	5.432101107	4.022011331	9.708303851	8.952352559	4.639713201	8.219834508
Sample002	4.818015669	7.594630812	3.912464318	7.003417689	4.018547432	9.363093	9.00171751	6.219113189	8.640016018
Sample003	5.63300755	7.230586697	3.907657706	6.430988267	4.081217121	9.606120194	8.868925322	5.946304077	8.055955822
Sample004	5.011486617	6.753626366	3.790372939	6.55458038	4.210192979	8.349012435	8.891332062	5.822637583	7.983379136
Sample005	4.783749103	7.350128611	3.801805517	10.00333653	4.016042855	10.29934221	8.994841662	6.016874862	8.478708884
Sample006	5.976633686	7.147941911	5.413414591	7.782885739	3.837218487	10.30301356	8.898030683	9.307556186	8.709330394
Sample007	6.145431469	6.1927853	3.485165196	9.728848272	3.927753164	10.39391105	8.379410425	10.27910579	8.292463017
Sample008	6.539116815	7.26654995	4.071915767	6.981063427	4.129476795	9.804748203	8.967719484	6.379142289	8.154924629
Sample009	5.145648992	6.676741969	3.669600647	7.163371872	4.763110366	10.17660109	8.663372529	5.276389908	8.497795128
Sample010	6.453079966	7.032238117	4.560442148	8.440626575	3.790415356	10.36068388	8.786983015	7.378416727	8.431815834
Sample011	5.5290651	7.616226281	3.936933449	8.482907073	3.839091685	10.17975063	8.793178959	7.019045657	8.373573357
Sample012	4.900083855	7.242284736	3.602213639	7.486528775	4.20173297	9.822045229	8.393376884	5.199931234	7.767650457
Sample013	9.727527144	8.476459692	6.323811627	8.914396595	3.844510683	10.56533359	10.55397879	8.529503626	8.980765318
Sample014	10.56833732	8.332762202	6.057694481	8.076100786	3.934876193	9.973966958	10.42410484	7.792792662	8.810373668
Sample015	9.345280906	8.477907322	7.049185869	8.678756707	3.738180862	9.703200586	10.19131205	8.227531351	8.281252941
Sample016	7.218850282	7.823054962	6.247313427	6.872104999	3.945332195	9.980774479	10.45140227	8.569168184	7.89874716
Sample017	4.595751659	6.659654198	3.772684147	6.250952793	3.668202145	10.20788142	8.295074065	5.12305768	8.533810334
Sample018	6.047741005	6.974438337	3.58828331	6.308547489	4.06583157	9.568054447	9.154293002	5.875591992	7.907848873
Sample019	5.073871167	8.313425812	4.526643718	6.630221543	4.177363041	10.12614382	9.184960809	5.597610031	7.876944454
Sample020	6.839091459	8.007612884	3.834017877	6.984797184	3.836584008	9.829380999	8.960792665	6.768349446	7.881311964
Sample021	5.515003812	6.915281992	3.67538351	6.835755456	3.707742047	9.840737929	9.170199149	6.505436664	8.451621205
Sample022	5.305655372	7.70352348	4.78034515	7.559335627	4.002426902	10.17004127	8.942672018	6.271093559	8.108342223
Sample023	7.536528802	8.353956729	8.6953457	10.90889145	3.950109265	10.179029	9.434391752	8.852887035	8.707137753
Sample024	4.815322381	6.733391101	3.785617373	7.159332524	4.137345613	9.906040786	8.93412075	5.670233781	8.277324321
Sample025	5.632256404	7.472047994	4.012015401	8.520843034	4.09133322	9.828004681	8.639129656	7.133184999	8.181594219
Sample026	6.228730667	7.643530534	3.77807842	7.213932889	3.831158717	9.913971679	9.005937812	7.792079228	8.179899126
Sample027	5.616569957	7.780856557	4.107582024	7.28253925	4.036158382	9.636657723	8.933562988	6.657603549	8.204538843
Sample028	7.628063656	7.225266948	4.317746974	6.804084931	4.035843541	9.956226468	8.895200813	6.932969491	8.286645431
Sample029	5.476883463	7.249113526	3.589350455	5.254828868	4.155651057	9.992655776	8.594072521	4.616406388	7.37243844
Sample030	6.611281653	7.996296058	4.569833482	8.554758031	3.58837403	9.923756954	8.898745769	8.1167252	8.608985592
Sample031	5.914157746	7.663113584	3.95147181	7.827129242	4.057342305	9.856241555	9.151606159	6.448141049	8.161474119
Sample032	4.767020796	7.483862885	4.167479829	8.062051542	4.029865142	9.969646968	8.672702166	6.411905812	8.216162615
Sample033	4.503794112	7.432424861	3.456897196	6.973041411	3.974105795	9.986232276	9.029414963	5.676609578	7.497399174
Sample034	7.247862175	7.885932649	4.195116394	6.024769971	3.664101571	9.604702942	8.75096888	6.195351286	7.422819748
Sample035	5.013897153	8.578129003	3.517439318	5.775341089	4.737083695	9.626120181	8.54335297	6.597241538	8.482956545
Sample036	4.878467838	8.369113206	3.829304838	10.54638948	4.011877542	10.03692232	8.924814321	9.745687109	8.422901877
Sample037	6.333507313	8.067663234	4.300757988	7.202653019	4.153250842	10.02259186	9.279505776	6.862683494	9.234204514
Sample038	7.387090154	8.082237232	4.88206106	9.150922183	3.985122834	10.42514633	8.626429905	8.244835215	8.692784108
Sample039	5.656390727	7.009811167	3.630867078	6.755899442	3.979782098	9.206916061	8.756254927	9.670290363	8.230496481
Sample040	6.362614229	7.979828536	4.096517717	7.193138213	3.960172306	10.18151514	9.105575046	7.849978695	8.668056977
Sample041	8.661251887	7.379279914	4.094998136	10.94331394	4.523932026	10.42901103	9.443567794	5.602867894	8.761281865
Sample042	4.757635252	7.644617667	3.396318345	9.332220746	4.072455439	10.00852288	8.748619153	4.891942323	8.356272943
Sample043	4.759606502	8.268844825	3.767604071	6.501783216	4.180740998	10.30013659	8.467610586	5.033029278	7.584583674
Sample044	5.177738847	6.621478045	3.515771253	7.512076998	4.325795024	9.623660749	8.717954404	5.99424029	7.950391813
Sample045	5.682210364	8.359372691	3.676943739	6.723653285	4.131092624	8.87768995	8.309420382	9.642569541	7.708851001
Sample046	5.889369985	7.583599871	4.873004369	6.894884731	4.067381494	9.943203242	8.6810446	7.953766988	8.095355147
Sample047	6.623189125	8.009173821	5.000742932	7.320988117	4.116060856	9.633057713	8.764250609	7.080520108	8.059768594
Sample048	7.303184809	7.56831357	3.771208541	7.53990514	3.882472036	9.044179168	8.364762351	6.724516945	8.6331693
Sample049	6.748464773	8.450077604	4.491894212	7.576808655	4.353626177	10.21177025	8.640311604	6.849980297	8.115579289
Sample050	6.697018084	7.795864275	4.530966428	7.685008053	3.694636878	9.902731479	8.719173741	7.106681845	8.303501006
Sample051	5.055863745	7.715485296	4.585913523	6.396312673	3.86601108	9.677253734	9.004508382	5.581778559	7.604865455
Sample052	4.83968405	8.076464325	3.954090273	7.904293328	4.154446785	10.34515413	8.500708731	6.290572531	8.309950044
Sample053	5.277530374	7.446755939	3.889764065	6.611781517	4.230889639	10.04882734	8.4226392	6.5538549	7.602089413
Sample054	7.354913258	7.651043582	3.719361008	6.749552428	4.069831467	10.07350446	9.079183915	6.792871609	8.296729258
Sample055	6.869695302	6.989750301	4.358071757	7.143821057	3.779741911	9.765739156	8.924155205	6.448174426	8.346949348
Sample056	4.498113194	6.719271503	6.485923638	7.987102108	3.841745887	9.311289468	9.033628106	8.455342468	8.877451568
Sample057	6.857645648	8.570286716	4.270475193	6.802195372	4.044315252	10.38451251	8.769446267	5.747891634	8.882932881
Sample058	5.304285874	7.533833813	3.431341071	5.987747203	4.025462005	10.09811179	9.077832462	4.535387736	8.538382249
Sample059	4.396355697	8.06533542	8.147565283	6.650690632	4.206805623	9.840784819	8.456422754	10.61085846	9.134192374
Sample060	5.905203747	7.671106339	3.710150449	6.666622766	4.028160122	9.217662255	8.9775171	4.651063964	8.002145821
Sample061	6.22784009	7.83854377	3.777052302	9.594618454	4.287182477	9.073323737	9.007434382	9.639915379	7.819832389
Sample062	6.627848591	7.965632256	3.869618726	9.767289324	4.156504695	10.24666094	8.817792197	10.03779859	8.689721315
Sample063	4.986894699	7.236350146	3.679072498	6.928157996	4.142560962	9.746155275	8.758044138	5.484485064	8.015385097
Sample064	5.69731797	7.572794086	4.586025118	8.223724744	3.996263249	9.953814329	9.026797178	6.363828467	8.545893099
Sample065	4.390393816	7.857069752	3.699285092	6.9630646	4.26293444	8.428045623	9.21761569	5.396057944	7.535063773
Sample066	4.365569428	8.231746746	3.405883278	6.82354407	4.20737929	9.7566422	8.732128517	6.006935784	7.346835933
Sample067	4.887354834	7.286785242	5.207623378	7.738601496	3.838162333	9.811350994	9.175239379	8.152941293	9.781218388
Sample068	7.114618686	7.78652492	4.405299078	9.509104457	3.86770181	10.5183093	9.331293529	7.450667468	8.628315594
Sample069	6.208217886	7.660223983	4.158052752	7.137572934	3.791501689	9.899669557	9.158751751	8.032948686	8.167686649
Sample070	8.09967949	7.317488536	4.943987113	8.353275173	3.91338523	10.09976333	9.264737171	6.821782394	8.568202171
Sample071	6.815279955	7.636406934	4.801201854	10.19545296	4.071924399	10.15074861	8.858038183	6.042103595	8.725099083
Sample072	4.794681856	6.988242221	3.622775218	5.730333378	4.520995981	9.593697397	9.454996922	5.893244935	7.815700206
Sample073	5.337679006	8.413904778	3.758927248	7.93869968	3.973469473	10.10796206	8.67397408	5.0116044	8.313920279
Sample074	7.493152093	7.903361021	4.7505194	9.100351108	3.931591365	10.39626999	8.704440591	10.10279562	7.957928366
Sample075	5.415733784	6.961495823	7.099001715	6.17583673	3.971359748	9.852311241	9.06008658	5.455859215	7.931776934
Sample076	6.029707548	7.936606217	4.688135127	8.37170222	4.01297615	10.12556255	8.72001798	7.166717798	8.530957968
Sample077	10.8809981	7.668553102	6.558400709	9.238870009	3.880670623	9.958593186	9.279902758	8.843219327	9.696052361
Sample078	7.002289883	7.048525995	3.927122103	7.669730554	4.203090051	9.731825311	8.608180782	6.303178381	9.345089309
Sample079	6.234012984	8.142996979	3.841182698	7.378478187	4.044450361	10.30663608	9.212455546	5.475561228	8.313402681
Sample080	5.17074325	7.799549187	3.906662757	7.471646081	4.002858216	8.68206272	8.654069105	5.851100745	8.304221426
Sample081	4.829521539	7.76225856	3.789419683	8.48036831	4.055751631	10.25405301	8.90673142	7.345199616	8.075706625
Sample082	5.0871109	8.113017063	3.760654414	8.427681571	4.089243201	10.40997231	8.742839819	10.00523418	8.870355141
Sample083	5.25665326	7.914600007	3.691506382	6.873698516	3.755096503	10.32649466	9.663276935	6.109545889	7.924077585
Sample084	10.46301051	7.713331192	5.268059804	7.585946227	4.033832202	10.04970834	9.019374436	9.57112655	8.198465523
Sample085	5.595338591	7.081371997	4.609373477	7.372563207	3.798861714	9.961550767	8.614186801	6.654096485	8.097575335
Sample086	5.151261993	8.215312472	5.711040019	9.153131995	4.140260412	10.23226949	8.38303396	10.48505781	8.867994599
Sample087	7.33619813	8.023397844	4.115155762	9.003061012	4.010681057	9.985153556	8.39505745	6.638688757	9.434136171
Sample088	5.601825685	7.60291358	4.043445357	7.617120999	4.152968073	10.2950578	9.682419359	6.68279353	8.422566115
Sample089	4.668008311	7.734102012	3.680803117	7.128767643	4.109274369	9.97421559	8.774538136	5.108341579	7.503730061
Sample090	5.575087559	7.920731934	3.754449948	8.70613382	4.175412764	10.41050283	8.752133395	7.240398978	8.294032053
Sample091	8.938499905	7.610473563	6.118672694	8.959709102	4.147277802	10.54245923	9.053331976	8.239584931	8.840861831
Sample092	7.161681374	8.103847873	7.039699675	8.138199593	3.874519945	9.763242104	10.33082098	8.747666766	8.175214012
Sample093	4.495972999	7.330410318	3.577326108	6.718360209	4.222595051	7.925735101	8.799987769	5.454892607	7.855608071
Sample094	5.679815055	7.232748698	3.912464318	6.770488708	3.991766267	9.878822514	9.070663672	8.58146358	7.664035691
Sample095	10.13370873	7.09143322	3.857901638	9.082192283	3.919290283	10.51096396	8.784639049	10.03772537	7.724292087
Sample096	5.036749132	7.443331257	3.919804189	9.418657372	4.043675769	10.25896268	8.480428363	6.784139914	8.44868552
Sample097	5.819343104	8.408375216	3.535941878	6.154206075	4.099660897	10.11032833	9.340505732	7.288481596	8.861576757
Sample098	5.081911678	7.295295927	4.542682962	8.816603692	4.028932943	10.13774062	8.853963712	5.71890645	8.934489319
Sample099	8.218468128	7.855061605	6.567357762	8.53302727	3.719256582	10.08539645	10.64774011	7.838503298	8.608376402
Sample100	8.736238415	8.873301581	7.520064015	8.86894059	3.73491782	10.11041476	10.79771949	9.504674287	9.149678488
Sample101	4.835596195	7.489364223	6.740672927	7.209535119	4.022262052	9.926908466	9.047247707	6.618575311	8.119773808
Sample102	4.996986578	7.00270111	4.132324264	7.156867096	4.432003629	9.89307795	8.878081409	5.585266582	8.080876732
Sample103	4.870881608	7.334649782	3.564984391	7.045804824	3.97935828	10.11779381	8.830833532	5.834593054	8.455798283
Sample104	9.051991229	8.557086818	7.947935413	7.142994668	3.910939988	9.954181313	11.15339262	8.695931945	8.870528421
Sample105	4.75008501	7.427609072	4.017621844	7.634661874	3.934317387	10.14692664	8.707334558	5.30544386	8.359020194
Sample106	4.731337563	7.464023546	3.664097869	6.032353638	3.855239426	7.954907737	8.911690441	6.189655869	7.826237786
Sample107	5.713457401	7.716157188	3.749070086	7.087450421	4.246679387	10.08007686	8.814564503	5.888969077	8.195816655
Sample108	8.428094265	7.964302511	5.074920925	7.537719889	3.874966222	10.36960194	9.405427314	6.925323724	8.584788778
Sample109	5.225170914	7.151454591	3.972317737	7.801425422	4.051401737	10.17561513	8.872083794	5.775447514	8.162687293
Sample110	5.289073435	7.567317512	3.497831446	6.855667148	3.960777934	9.939037736	8.771941714	6.609917629	8.143242186
Sample111	5.22698293	7.675967733	3.488608275	8.159356275	4.127481241	9.604303391	9.251018375	5.586654498	8.34075324
Sample112	4.905535789	6.068709089	3.468519253	6.112721143	3.993308995	9.893643168	8.849333546	4.454305315	7.898755804
Sample113	5.555392968	7.01822053	3.532159195	6.52670541	3.961446536	10.17986269	8.841886876	5.970725914	8.100844065
Sample114	5.768600287	7.645584141	4.204761652	8.384861061	4.020993526	9.976625954	9.120750671	7.181643812	8.34091601
Sample115	5.509851875	7.814660051	3.705994627	6.864534428	3.931155014	9.952662617	8.640373131	6.869973384	8.45029996
Sample116	6.42487447	7.979887547	4.222114357	9.053492616	4.028768708	9.755888685	8.071510146	6.209829873	7.894587918
Sample117	6.189351379	9.335574672	3.80711968	6.96104795	3.878247053	10.62198972	9.315055891	4.106490498	8.602143496
Sample118	5.562429376	6.704552651	3.551874835	6.693501165	4.123928102	9.245927978	8.921773526	5.594032278	8.128999734
Sample119	4.384904406	8.440098914	3.57784434	6.518031994	4.072125342	9.872241477	8.798635225	8.094041202	8.523439523
Sample120	5.568946662	7.633890873	3.928845513	6.683907158	3.870770354	10.29277747	9.408854214	7.34532086	8.217046706
Sample121	5.484009594	8.306754755	4.746357151	9.973883989	3.819068584	10.41273757	8.837558438	9.23811222	8.428897816
Sample122	5.113669334	6.951313068	3.471011806	5.844856761	3.819190142	9.912656577	8.634937975	6.250424035	7.548492665
Sample123	5.314067592	7.725223189	4.580193552	6.943578486	4.061852452	10.12621564	9.659880639	5.157204369	8.228295109
Sample124	5.149402547	7.641081577	3.758855736	6.190169253	4.327025314	9.345501046	9.317915437	4.801213456	6.751111147
Sample125	5.07077613	8.233633202	3.358951706	6.534542933	4.093426413	10.43707168	9.159916603	5.355726561	7.574420121
Sample126	7.394832421	7.727853816	4.677295885	7.525591217	3.973058315	10.09948173	9.028463607	6.825079035	8.029715255
Sample127	4.646203372	7.023651928	3.822937863	6.507340181	4.238218864	9.634245379	8.75081474	5.202746026	7.899238505
Sample128	8.364275896	7.866217435	5.167966876	9.226934566	3.869571281	10.45353067	9.220646767	7.835107648	8.383051832
Sample129	4.986045466	7.528415802	3.578688187	7.487273928	4.835152378	9.84362304	8.162733922	5.911241514	8.200575141
Sample130	5.951661535	7.343370811	3.778543963	7.629110653	4.016758947	9.924572829	8.905622144	5.895119818	8.372054601
Sample131	4.832136814	7.068328106	3.559431104	6.624980442	3.767721322	10.40297171	9.333084244	4.587817067	7.766754688
Sample132	6.843425625	7.380841607	4.09466134	7.075566139	4.000175733	9.792669596	9.323080809	6.842769405	8.135433233
Sample133	6.115157878	7.728360066	3.898719446	8.555006868	3.998409901	10.24476514	8.549629046	6.728321595	8.551932622
Sample134	5.444387126	7.889765656	3.692132752	8.789988252	4.410960612	10.13340383	8.952214021	6.979688005	8.541656462
Sample135	6.68190541	8.578241314	4.520174484	8.767548785	3.82904469	10.26933038	9.186102905	5.519666607	8.318094185
Sample136	5.104349315	7.22360241	3.597037215	6.139558222	4.125976866	10.37813618	9.594777399	5.138592962	8.262544173
Sample137	5.662883476	7.498797785	3.376869511	6.420163529	4.074727279	9.378471006	8.525045689	4.828162723	9.143240783
Sample138	5.517790039	7.562115638	3.730161004	7.827447446	4.00286076	10.35690399	9.488867565	6.218100194	8.731235851
Sample139	6.991876279	6.455815967	3.728933385	5.936320114	4.269250109	9.827545814	8.644435907	3.975503731	9.721818126
Sample140	4.986389721	7.867295669	3.421353282	6.49478432	3.98602142	10.04702106	8.48571175	4.790279216	8.093965959
Sample141	5.708125663	7.557842306	3.602959637	8.418758233	4.010136321	9.82928264	8.790284403	8.85774503	7.707705206
Sample142	4.875790284	6.737900149	3.877563191	7.343848194	4.472132628	10.01118972	8.726130661	5.093646601	8.157038319
Sample143	4.93665491	6.312215156	4.029543784	7.830653497	4.072204626	10.19560736	9.967884113	8.900443052	8.395029635
Sample144	5.632570425	7.570067244	3.583766636	7.210959406	4.033525865	9.729715041	9.370429602	6.935582272	8.249455532
Sample145	6.654511015	7.53596033	3.70622159	6.776822308	4.338928663	9.481001348	8.723700008	6.1631275	8.05281597
Sample146	5.330751387	7.578109425	3.513877722	6.900251282	4.12679456	9.9255128	9.278785302	6.997957013	8.411521094
Sample147	4.905115886	6.371096531	3.982390669	7.25812611	3.965546952	9.6572752	8.858533364	6.042282965	8.470298555
Sample148	4.848633711	6.970093162	3.427698239	7.023417037	4.04293024	9.304058729	9.065005546	5.351989688	8.519115453
Sample149	4.971323652	6.418160754	3.209407506	6.297324684	4.413715437	9.058878468	8.929108323	4.872350424	8.252979205
Sample150	5.40887779	7.900472199	3.486260112	9.728394266	4.124215102	9.957468881	9.057325855	4.535265194	8.521248345
Sample151	8.26069802	8.112608957	5.640933448	7.904672224	3.990173005	9.735290082	9.508608698	7.806697568	8.821107341
Sample152	6.663822421	8.233600151	4.869802541	7.313257151	3.744979204	10.06318623	8.987893368	6.901174511	8.404566928
Sample153	6.968599338	7.511126516	4.174567396	7.948203257	3.918692211	10.11825333	9.831204426	8.77579751	8.401557306
Sample154	5.523947043	6.601523399	3.588768671	7.201000381	4.050089891	9.192894605	8.482496003	5.53177188	8.300697066
Sample155	5.761705034	7.673349339	3.746450665	8.895706191	4.269437759	10.17301476	8.750022572	5.72608171	8.247531018
Sample156	5.553052433	7.098375567	3.569116345	6.205364339	3.801904993	10.21040905	8.738324594	6.729221903	7.83740236
Sample157	6.901342362	7.239945886	5.387390987	6.825165479	3.926689755	10.041077	8.739608351	8.377887128	8.185753494
Sample158	7.887213762	8.537985869	3.475188794	9.264815385	3.749621019	10.56064726	9.966783873	9.959476865	8.651291286
Sample159	5.247920684	6.701058046	3.585414995	6.558076741	4.318764607	9.653073163	9.191423899	5.245586976	7.898554622
Sample160	8.479446174	7.763760138	4.258127294	6.681181995	3.728040399	9.880254278	8.822492085	6.239100559	7.748448949
Sample161	6.093352646	7.695802238	3.102946394	6.651232345	3.976698132	9.754633777	9.159712099	8.198803344	9.142964947
Sample162	6.330796484	7.215732122	3.712260925	6.788124903	3.871679445	8.635751583	8.623055265	5.924880471	8.74266876
Sample163	6.575364731	7.918999426	5.484509111	9.111021655	4.2780303	9.808701699	8.129058191	6.620918457	8.316048896
Sample164	5.747928255	8.006690662	3.787302898	6.729859344	4.244180186	9.56824168	8.900333873	6.295702573	8.731705265
Sample165	9.864348235	7.738816597	3.331831408	7.08123901	4.207894865	10.00691221	8.664753204	7.237569242	8.959122042
Sample166	4.635628342	6.791338412	3.951448607	7.457048223	4.351600073	9.236561937	8.431934187	5.908672885	8.470228794
Sample167	7.016481964	8.006968	3.84045365	8.892588171	4.024497726	10.17243041	8.75496529	7.705512305	8.603261086
Sample168	4.995211012	7.979110447	4.331962303	9.142135772	4.405022638	10.34304145	8.85764853	7.928826426	8.946195656
Sample169	7.58004738	7.76858357	4.694420091	7.941053754	4.096517436	10.03967906	9.201108276	7.88143601	8.50974333
Sample170	5.545312252	7.639960628	3.596754737	7.370296281	4.086185755	10.18966687	8.731331341	5.982631139	8.436972087
Sample171	9.375557774	8.369005834	8.363893477	8.510287443	3.955673408	10.03150491	10.59103966	8.252601036	8.928517944
Sample172	8.817219917	8.663398143	7.515869829	8.085814991	4.35310317	10.06413177	10.12009857	8.812888232	9.214939327
Sample173	5.330636548	7.036282675	6.524424595	9.735656211	4.032730173	10.01984909	8.935949493	9.084590397	8.628534354
Sample174	5.704724589	7.820688658	3.146504768	6.70063365	3.944480894	10.50149422	9.443747137	6.260316276	9.357915702
Sample175	5.326295882	7.791393846	3.63890533	6.354939406	4.058950656	10.09512639	8.33274054	5.736239181	8.591180754
Sample176	4.977657469	6.64252481	3.709581721	6.795526214	4.217335347	9.95868445	8.886063674	6.049912581	8.66448682
Sample177	5.239425304	7.14485482	3.697743203	6.315505902	3.975540597	10.07846769	8.648938291	9.629559826	7.921402124
Sample178	9.117142383	7.696209524	4.854780367	8.899912883	4.401698164	10.17100562	9.187161425	7.497024712	8.663123673
Sample179	8.817603023	7.809445023	3.58929925	8.42076905	4.357295357	10.79363009	8.478576746	8.434394543	8.44392199
Sample180	4.565853847	6.821186786	3.26274992	6.277166064	4.194731528	9.070281729	8.791468608	5.16099443	7.95733181
Sample181	7.124774301	7.949670629	5.447844617	8.494659539	4.016935619	9.643894596	9.377826458	9.797191841	8.410716851
Sample182	10.08040909	8.511382292	7.80371642	8.102892537	4.205394397	9.931770088	10.42749908	8.084085313	9.028861036
Sample183	4.922807488	7.164451467	3.354805254	5.19659602	5.525612859	10.0927676	8.482548226	3.689280006	7.79527665
Sample184	5.667013929	7.677942074	3.989508058	7.466264628	3.985071986	9.993141558	8.883400231	6.293168405	8.509964629
Sample185	4.815577209	7.191548255	3.74175157	6.824872788	3.735530212	10.12484974	8.719816428	7.30291217	8.095298091
Sample186	9.529196367	7.498285971	3.523732537	8.832079494	4.224299078	10.3791552	9.324355194	8.430246029	9.276441957
Sample187	4.960215337	7.738444415	3.798767831	6.297602383	4.078788309	9.306213826	8.511712129	4.034121826	7.640303531
Sample188	8.292255018	7.5681942	4.121160186	6.284548569	4.176027372	10.01146784	9.794042119	9.14318011	8.014854461
Sample189	5.699223891	7.926530675	3.627462055	7.002288771	3.739569197	9.670406535	9.204963435	9.964283206	8.554399642
Sample190	4.673123859	8.544174228	3.944830681	5.777314511	4.140563963	9.787819687	9.233152399	5.347546725	9.093688666
Sample191	7.826093697	7.458254781	4.703246307	7.05039334	4.011215151	10.09922638	8.729666347	7.78147253	7.924097555
Sample192	4.972065331	7.137321058	3.867210918	8.024615204	3.589819471	9.247416746	8.988440195	4.697427433	8.453478928
Sample193	7.006043338	6.429338514	4.025155192	8.487596856	4.056886349	9.888251646	9.66336577	5.365666503	9.216454481
Sample194	4.832582578	7.432603065	3.28844687	7.513269569	3.737306946	9.422787491	9.165227285	5.130064172	8.099448389
Sample195	9.516925376	8.27976537	7.117078753	8.138413642	3.672140242	9.768697289	10.46761873	8.383589195	8.598569449
Sample196	6.877803754	7.204216463	3.711163107	7.270541476	4.259760218	9.986620651	8.792221918	7.822200058	8.374980193
Sample197	5.378782278	7.211504626	3.503192113	5.555392968	4.085828048	7.498071278	8.764829234	5.444845568	8.103528349
Sample198	5.396292777	8.077620726	3.792967726	7.753632388	3.908900734	10.2691417	8.47930592	7.312496022	8.411779168
Sample199	10.10547633	7.38773997	3.695557774	6.787182967	4.279182687	10.39933623	8.502425684	6.089546182	8.754562204
Sample200	6.279437052	7.624763138	3.829616247	6.188221028	4.022976321	9.975176953	8.843074141	8.139292136	8.055469866
Sample201	10.22370269	8.548088419	7.019163959	8.323203315	3.818657068	9.887435778	10.86861503	8.841632709	8.784170457
Sample202	7.430266746	7.834095783	5.301633054	7.057113505	3.964648777	9.67224695	9.294293951	6.93854815	8.51813437
Sample203	5.135874766	7.788170829	4.074407804	6.384025438	4.242263762	9.821554055	8.900932307	4.58132638	8.591144613
Sample204	8.333060446	8.055618826	5.086934769	7.474474901	4.088745313	9.518235448	9.669660928	8.181653157	8.902151215
Sample205	10.8922349	8.320873052	7.524863464	9.77808344	4.223227847	9.953643035	8.960734264	9.362645027	9.610403351
Sample206	7.313072791	6.873695051	3.854303291	6.723653285	4.063151095	9.579751194	8.768240894	5.451711042	7.886344182
Sample207	5.408340972	7.691116431	3.736870539	7.120164378	4.026588995	10.34347055	9.527635394	6.648604028	8.775280401
Sample208	9.220942274	8.563173031	6.149604585	6.860489259	3.943382292	9.873108782	9.875992691	7.906518003	8.991679617
Sample209	8.75514249	8.158210273	4.449155816	7.857142739	4.324837762	9.879513073	9.260439852	8.861650032	8.649534723
Sample210	6.177539021	8.204519354	5.042949278	10.03211634	4.140784144	10.46467881	9.413122538	9.907504276	8.547731725
Sample211	5.289621057	8.36929423	3.78174808	9.132275602	4.2351481	9.984935219	8.194284302	5.079339419	8.268988456
Sample212	5.719199842	6.806074845	3.913431367	6.986779388	4.223574356	10.07168166	8.686498444	5.74695001	8.991143698
Sample213	6.608440726	7.6907574	4.396747525	7.764353231	3.94064875	10.01378986	8.720599883	7.517218551	8.311528298
Sample214	4.964564183	8.151802124	4.292185569	8.96082129	3.887651431	10.43096237	8.863458364	7.746469964	8.887150926
Sample215	7.310002702	8.139434403	5.179151439	9.740108926	4.004784022	10.68061908	8.605097308	8.385451367	9.188516143
Sample216	4.635398078	8.318270356	7.753634214	9.233809327	3.792864504	10.23818129	8.531255538	8.084223649	9.656629005
Sample217	4.636027484	7.922148866	3.96077963	7.925843893	4.308744591	10.78574938	7.783503877	10.54968794	7.804426268
Sample218	5.028788825	7.658365325	3.632234761	7.67453601	3.883412694	9.861417156	8.657783796	6.384268227	8.412592916
Sample219	6.262188302	7.825050151	4.235084373	6.708923988	3.756800137	9.936483141	8.791146363	7.547575647	8.251430444
Sample220	6.882404539	7.595260041	4.829727786	6.295127463	3.841291259	9.635786902	9.091328957	7.897473875	8.111705046
Sample221	9.705110392	9.083754772	7.324851042	8.616080364	3.849585899	9.839478723	11.27253423	9.229673716	8.992561523
Sample222	6.546135016	7.995148037	3.996679297	8.297289889	3.715745947	9.83078343	8.659879388	8.526405152	8.64954199
Sample223	6.205018425	8.06452089	5.830449595	8.554950323	3.936451816	10.69674558	8.955497344	7.346487187	9.161378917
Sample224	7.533126334	7.294681577	4.663776097	5.998495141	3.789397953	10.24724499	9.262340402	6.651292825	8.796378997
Sample225	6.832286634	7.213607943	4.164175436	6.313407261	3.953965499	9.023804001	9.07927108	6.553747489	8.590781338
Sample226	6.837062902	7.418314468	3.802354288	6.699455168	3.866118392	10.40046026	8.370627281	8.197356988	8.06577287
Sample227	7.14927948	7.823831241	4.344763537	7.834108913	4.169997875	10.079238	8.985872306	8.708705496	8.122160892
Sample228	9.676366439	8.646122065	3.651104902	7.671054453	4.345613347	10.364333	8.953185536	9.1231613	8.973449781
Sample229	5.972978433	7.451445167	4.610011734	7.185645328	4.303523369	10.14330711	8.925139028	8.049554876	8.268083407
Sample230	4.930742647	7.782031466	3.300280474	6.032449439	3.693151298	9.788089541	9.26411498	5.670772596	8.397757329
Sample231	5.179302087	8.258654278	3.596046199	5.705222353	4.074867163	9.879383269	9.150068775	8.081807713	8.275449896
Sample232	11.22840731	8.137588934	3.649029931	7.508075391	3.871844051	10.11981696	8.45479353	5.980349009	8.497422253
Sample233	6.383423079	7.512911511	4.201828434	7.68154423	4.17143593	9.92557507	8.570329355	6.618785131	8.239641514
Sample234	8.430067435	6.610516755	3.689626647	8.583411872	4.134070218	9.571137846	8.574522753	10.42647213	9.803632097
Sample235	5.224562222	7.687570124	3.02136387	6.799572605	4.056100304	9.136833662	8.683515247	5.434063978	8.301549448
Sample236	5.133936712	7.367303222	3.694962439	6.002387057	3.972062937	10.02486741	9.259673042	4.61990015	8.175093211
Sample237	6.036875065	7.291300156	3.952818823	5.491688748	3.749988679	9.968781703	8.751056658	7.390324526	8.156499937
Sample238	7.537569433	6.931346865	3.55180298	9.245426856	3.832835177	10.23697896	8.645264749	6.079155899	9.145490774
Sample239	9.85413169	8.772315753	7.408657238	8.856328523	3.944743732	10.12516587	10.93994551	8.785432198	9.211313329
Sample240	8.682983856	8.397316175	4.131946133	9.07103306	4.168167278	10.03009569	8.662415062	6.534651419	8.775372484
Sample241	5.175457366	7.646571376	6.545620662	6.459860172	4.063691634	8.961993288	8.937718766	5.227796293	8.272107082
Sample242	7.103426226	7.738287823	4.045537266	8.145623876	4.051144637	10.01932836	8.803379707	7.184279169	8.696470813
Sample243	8.952252411	7.972093505	6.570675717	7.628788599	4.018529166	9.943857813	9.847644509	8.061110375	8.60388778
Sample244	5.483999457	7.218411634	3.885328283	8.784268853	4.032908319	10.35795698	8.887135167	4.932290289	7.876442737
Sample245	4.844974391	6.186948941	4.021965249	8.865940909	4.161829237	9.547741053	9.009785459	5.258214223	9.280780017
Sample246	4.571590146	7.100118099	3.659168554	7.497490138	3.931910318	10.06210201	8.224296516	5.677842566	9.292336181
Sample247	4.537797359	7.615336863	4.218226593	6.233631604	4.444587463	8.780916319	8.990678388	7.585544904	8.334433536
Sample248	7.792865364	8.132578318	3.078352056	11.21825075	4.090180855	11.07725141	8.555319655	10.54057234	9.805324583
Sample249	5.606083611	7.576350461	3.827242354	7.565241786	3.984452491	10.00062677	8.270100508	8.495811036	8.030638777
Sample250	5.085689433	7.147653396	3.773926181	6.485376129	4.30463615	9.579024079	8.295997559	5.660252247	7.389765417
Sample251	6.46925809	6.47454322	3.847910419	7.459998596	4.291706377	9.912035255	8.761500882	9.454792332	7.883848197
Sample252	6.135624522	7.853809387	4.026812307	9.022819635	3.979502661	10.08299402	8.99002075	7.181694727	8.08299604
Sample253	6.023561426	7.704862341	5.802458253	6.934241402	3.832330336	9.657306735	9.03398235	7.405814745	7.973924501
Sample254	6.590269722	7.833144576	3.864943598	7.167904417	4.030352419	9.843704791	8.8712865	7.049361401	8.444853596
Sample255	9.996533763	7.994761702	4.745454862	7.562499175	4.248687807	10.10878797	9.533662937	7.755640509	8.465182854
Sample256	7.859697952	6.825909273	3.532423203	6.678044719	4.481846849	9.811374744	8.336361801	5.42796946	8.720623843
Sample257	4.933982291	7.354081522	3.776023831	6.977681226	4.152693438	9.787339619	8.652421714	6.694290482	7.978098421
Sample258	5.548350644	7.884332537	4.511017177	7.406345664	4.353769129	8.61608719	9.738358088	5.644095291	9.068935473
Sample259	7.851620531	8.357152232	4.502028975	7.872344838	4.152605583	9.623020485	9.076897967	9.496086221	8.83466591
Sample260	5.044299309	8.433067722	3.488950525	9.562598154	4.151190529	9.748792445	8.532464785	7.797643661	8.039565656
Sample261	5.588953895	7.354771423	3.78575071	7.471894558	4.417594308	9.901983414	8.530076368	5.871150168	8.187545938
Sample262	9.192260426	8.536941611	5.710767119	8.347739135	3.803411541	9.520232591	10.88364476	8.357923875	9.261018445
Sample263	10.28990727	8.716466791	7.825905844	8.69303529	4.265259044	9.922194744	11.27926572	8.888004123	9.028281776
Sample264	5.340104351	7.416352828	3.502568214	7.218760729	4.392559305	10.26597866	8.594053074	5.676706964	8.799815759
Sample265	5.468715521	6.871814471	4.044274404	8.115146148	4.082482174	9.698195031	8.231516123	6.187430802	8.493854494
Sample266	4.995412136	8.372328115	3.411250671	7.11626677	4.546679176	9.726841798	8.356567771	6.205569071	8.641463726
Sample267	8.437301941	7.62427618	4.806346618	6.903611235	4.02756567	9.997126048	8.812691593	7.961816231	8.043973145
Sample268	9.885240452	8.23101495	5.122349447	8.079455871	4.628172316	9.679089114	10.43033148	8.675048266	8.778082589
Sample269	10.32789272	7.49552335	3.820387466	7.512121704	3.992230898	9.30846293	8.764632143	5.877755561	8.411911663
Sample270	8.700824387	7.749547486	4.663776097	7.918084817	4.503078458	10.39635878	8.998044881	6.898119916	9.534345802
Sample271	4.891807747	7.980498956	3.47171109	8.819853082	3.894767948	10.28473605	8.573122661	6.448724437	8.12563329
Sample272	5.389960663	7.791786142	3.713143237	9.117732077	4.191462641	10.44860427	8.582758553	7.700575196	8.284555466
Sample273	5.340562506	7.071151401	3.811877828	8.072630675	3.871466839	9.898247498	8.870752892	9.577266367	7.944489813
Sample274	7.284200462	7.425984019	4.0031563	7.236431958	3.910140606	10.31495269	8.316398322	6.324879355	8.083561321
Sample275	5.702797072	6.87327678	4.168634177	9.510289119	4.482304117	10.30288842	8.786430292	9.472264305	9.338300901
Sample276	5.987866185	7.557354947	3.332405697	7.45747839	4.348209927	10.41124897	9.530931299	6.444340531	8.008263735
Sample277	8.215933899	7.888829779	4.23140748	7.937234641	3.817107434	10.13689959	8.667533523	6.759429624	8.530346195
Sample278	4.678665565	6.518405844	4.650263534	9.526212159	4.393244177	10.29420217	9.077786298	5.889607068	7.699060492
Sample279	6.1569445	7.601879212	4.256784214	7.828343852	3.865176703	9.588954276	9.263904518	7.238257395	8.553056788
Sample280	6.33124585	7.762661645	4.184307137	8.883561918	4.31536157	9.725873814	9.048763449	6.090444693	8.373958432
Sample281	5.730324506	7.567456203	5.139000269	8.123478173	4.141457338	9.862912993	8.486423739	6.59165568	8.631822907
Sample282	6.011359823	7.485589324	8.436925102	7.696243496	4.066393047	9.957894009	9.328610439	7.246841854	8.685281814
Sample283	5.941318941	7.69800351	4.170336188	7.975315318	4.217358765	10.13258562	8.952540856	8.797405286	8.466974252
Sample284	5.894929585	7.284973073	4.192430011	6.745285573	3.883680695	9.827634825	8.82172098	6.15927808	7.880277112
Sample285	9.138413772	7.556899426	6.120828452	8.106269948	3.759400136	9.564226502	9.855642893	7.306783402	8.656171564
Sample286	5.386836652	7.887295959	3.62562512	6.899909854	4.186857269	9.890941989	9.355458092	6.161749413	8.511413506
Sample287	5.35462065	7.096315106	3.246621813	6.104316133	4.223938789	10.44413829	8.594791997	5.402169494	8.673087652
Sample288	6.44812105	7.974200357	4.490329996	9.50988491	3.854236627	10.39333848	9.143498216	9.316814753	9.168619081
Sample289	9.124042394	8.322198099	3.154841238	9.874114359	4.0612061	10.54235128	8.470759437	5.425033944	10.03483706
Sample290	9.584356657	8.97800529	8.485501773	8.586644335	4.099699711	10.05929175	11.2550404	8.973270178	8.829483789
Sample291	5.961804055	8.465552088	4.280256232	8.264305384	4.028236654	9.794035712	8.652566368	6.771638134	9.086119612
Sample292	10.33263256	8.171647267	4.391062744	7.710327962	4.020166442	9.999671053	9.122300624	7.649793253	8.443978839
Sample293	5.002401915	6.596866928	3.834160604	9.339029992	4.003808528	10.06261309	8.63933565	9.680026723	8.892024336
Sample294	4.453104564	6.871031484	3.7628994	5.579439754	4.345051684	9.784785474	8.90486654	4.820542989	8.104965213
Sample295	9.810182878	8.530973525	7.949649055	8.357041868	4.003081438	10.00265779	10.89202795	9.034447104	9.105660439
Sample296	5.980218021	8.162563971	3.723735474	5.861346085	3.909706844	10.41301535	8.643344301	4.890460797	9.424232441
Sample297	5.000793096	7.513525729	4.233291052	5.855734198	4.132970003	8.426527694	9.257489619	4.793159063	7.984682185
Sample298	6.34005849	8.162729287	3.565976172	6.167816673	3.911886252	10.2491584	8.846410657	8.971124069	8.418335775
Sample299	8.88113915	8.009622258	4.354076192	7.215160558	4.027119176	9.293470681	8.249126315	6.060770611	8.266073975
Sample300	8.097454301	7.906851748	4.590370313	7.20739328	3.862196059	9.747510876	9.12697512	6.898220638	8.517869368
