Symbol	APOD	CCDC92	CYS1	GSDME	ST8SIA5	STARD3NL	TMEM245	TSPYL5	VAT1
GSM2235556	10.63010504	11.01763608	5.346933449	10.8077034	6.17128956	6.665754933	8.606344067	6.081724283	9.342267428
GSM2235557	10.2097911	10.75105876	5.47365259	8.319797872	5.561018193	7.490935452	8.954520086	7.527795091	8.593946854
GSM2235558	12.89931008	10.60043897	5.599329058	8.617675597	6.885290028	7.43945317	10.02780885	7.504724146	8.392675445
GSM2235559	8.608947062	10.46994526	5.504727804	8.39535154	5.642194212	6.809606264	9.249049159	7.181790227	8.640739269
GSM2235560	12.02319031	11.04943184	5.420956222	9.361611765	5.443550582	7.556964304	10.06588731	7.91399048	8.030691303
GSM2235561	11.51788106	10.13710341	5.478807104	8.164747801	5.354775915	8.045534782	8.946470826	8.002730357	7.814155626
GSM2235562	10.2097911	10.50049372	5.609884712	7.257591627	5.45932608	7.817609774	9.357056318	6.423776928	7.179607148
GSM2235563	10.45899862	9.582172651	5.525934817	9.539418198	5.584822645	7.614908076	9.422062212	9.026112494	8.344407573
GSM2235564	9.546739748	9.801193559	5.624655098	9.511933225	5.941309614	8.916316707	9.015794672	10.55794371	9.295364947
GSM2235565	11.5974369	11.228703	5.6504923	9.100707903	5.604989095	7.63863326	11.44668197	8.455353831	8.858929859
GSM2235566	11.62585422	9.872150229	5.474611603	9.382571371	5.988043233	7.659838887	9.149997739	8.491813759	9.817884332
GSM2235567	11.39430366	9.958451019	5.612517428	8.676352487	5.435007501	7.357920862	9.852185683	7.544391212	9.695756619
GSM2235568	9.226560182	9.53674114	5.734323561	6.295384767	5.390949767	6.280643636	8.764488411	8.603880321	11.87893431
GSM2235569	6.843550832	9.367573572	5.684219165	7.361126758	5.660691653	7.550634205	9.018068231	6.462221508	9.180469297
GSM2235570	10.34722041	10.12291451	5.694268083	9.120996041	5.620537766	7.790551817	8.936054205	6.915294082	9.414987398
GSM2235571	9.859175526	9.73072921	5.498034757	8.350253339	5.576689668	7.159813921	8.039430257	6.270152383	9.081794813
GSM2235572	11.11476085	10.47589176	5.609856363	8.23109789	5.138250569	7.377525036	9.98885911	7.966219259	9.719530022
GSM2235573	12.63396194	9.969324046	5.559632313	8.903446801	5.655491424	7.947265515	9.205789966	8.483565638	7.256801284
GSM2235574	9.167051508	10.43958257	5.591776084	8.679964647	5.66376437	8.769387508	8.198468478	7.363326267	7.946104435
GSM2235575	7.758845377	10.70445637	5.344625082	8.818975049	5.580540074	7.686443098	8.123618949	11.49641461	7.566114052
GSM2235576	7.588342503	9.950737747	5.552607359	6.830686184	5.448984459	8.594291742	7.723634504	5.96115753	6.945341067
GSM2235577	12.71671121	10.48379804	5.6663973	9.290701911	5.616985607	7.994336616	9.168698852	7.626143472	7.662157799
GSM2235578	9.77134536	10.66810798	5.634192124	7.24919348	5.531628366	8.71143854	8.18009442	7.102689591	6.538331207
GSM2235579	9.337184244	11.56319109	5.512752419	9.754708443	5.557317777	9.032857662	8.740956613	7.303470612	7.095763321
GSM2235580	12.9886903	10.63672708	5.645242051	8.899871106	5.601144194	8.16043043	9.377122209	7.117794229	7.653533807
GSM2235582	11.88326599	10.24532858	5.572606208	8.488619662	5.746935578	7.987104206	8.724347796	6.176235679	7.348727725
GSM2235584	9.160682797	10.05091466	5.555696507	7.43945317	5.404591741	8.274243039	8.58001083	6.556775484	6.437202467
GSM2235585	9.115790787	9.929999293	5.541938801	8.745810269	5.55691352	9.100707903	9.498699146	7.080531143	8.012718149
GSM2235586	13.83618075	10.69705689	5.415464692	8.753533815	5.584929351	8.544289227	9.094872409	7.742513405	7.055915724
GSM2235587	10.90656963	9.782486635	5.60809343	8.598033172	5.521748521	8.047662403	8.757187683	6.749567022	6.821534125
GSM2235588	14.12512882	10.7679965	5.55846644	9.002464464	5.385958983	8.620101573	10.57132427	9.298951363	6.482214691
GSM2235589	7.938525808	9.205367532	5.692039988	8.199682009	5.379298627	6.83730247	8.746498157	6.692840777	7.709170678
GSM2235593	8.399538621	10.38031547	5.578161421	7.441440005	5.302262701	8.556925372	9.10523544	6.613361526	6.670639561
GSM2235595	11.19465609	10.00585229	5.630750349	8.169048367	5.527309793	7.622668809	9.612557394	7.652408945	8.186864421
GSM2235596	11.87893431	9.792775945	5.466745247	8.645536672	5.528554156	8.114044094	9.427347364	6.815469729	8.012718149
GSM2235597	6.24295555	8.069038244	5.590124249	6.729027958	5.692614491	7.813881027	8.927127974	6.059522606	7.516915628
GSM2235598	11.16101682	10.44573703	5.515570088	8.511201321	5.613412171	6.981833789	9.204669141	7.729384318	8.390088971
GSM2235599	12.02507944	10.14003403	5.581672048	8.195589074	5.364145505	7.624131687	9.118208898	6.739760134	8.202895267
GSM2235600	11.85836982	9.867233673	5.576994103	8.677159546	5.557397608	8.232085386	8.67854589	7.49690339	7.766484853
GSM2235601	12.72134579	10.11131088	5.598601015	8.974947777	5.574460774	8.387394045	9.384252903	7.709170678	8.075484518
GSM2235602	11.32884902	10.08763894	5.484373888	8.671506862	5.603060279	7.633456422	9.397545943	7.895615741	8.054478074
GSM2235603	9.135544188	10.46779418	5.643821711	9.554826843	5.592204973	7.882520089	8.197460457	6.573531304	8.982002785
GSM2235604	10.01742074	9.87466381	5.454019394	8.068440214	5.629974362	7.65118864	8.911948694	6.664046538	7.905399465
GSM2235605	10.88314867	9.580604701	5.494222458	8.260730242	5.405819523	7.462157316	8.820815415	7.476215099	8.032499775
GSM2235606	11.23845789	10.24233952	5.670973902	8.314701582	5.53431751	7.76819955	9.20168072	7.681497719	8.356704441
GSM2235607	10.0881499	10.62126239	5.587996943	9.061299933	5.71324722	8.296717324	9.047482193	7.404852267	8.138506905
GSM2235608	6.205576582	9.373291092	5.665226179	6.880980441	5.606821984	8.418537494	8.314072456	6.335295421	8.130032188
GSM2235609	12.89349007	10.4571965	5.498783712	9.286913592	5.256519973	8.259724688	9.164158283	7.54032672	8.15687993
GSM2235610	12.27865108	9.944064912	5.691045489	10.17696762	5.430926694	8.702754462	9.893290793	8.033993547	8.393415353
GSM2235611	10.94700335	10.12065663	5.542107838	8.257525523	5.49684392	8.745810269	9.364724219	7.967782131	7.449225607
GSM2235612	12.76678107	10.78763795	5.772610178	8.770889991	5.640503295	7.876251225	10.26818808	8.122807059	7.96838603
GSM2235613	11.42599137	9.202531615	5.587323465	9.343432182	5.595784672	9.286009561	9.251841612	6.15971821	8.44647829
GSM2235614	9.080717449	10.12413568	5.570461021	7.787853707	5.561338991	8.489648121	8.928207838	6.713831421	7.373964736
GSM2235615	9.38211898	10.11905747	5.594010299	7.77337978	5.606775097	7.95322496	8.511823066	7.233180399	8.256846524
GSM2235616	12.07315101	9.887895831	5.528347815	9.193651715	5.395555456	8.283983243	9.25498269	6.719623713	8.329314747
GSM2235617	10.15572172	9.1739183	5.568713961	8.115356453	5.638692997	8.469405529	9.680872681	6.855318772	8.01762843
GSM2235618	7.832213797	9.738500721	5.619749624	7.178800552	5.59806829	7.875309923	8.745491324	6.530977562	8.114044094
GSM2235619	10.69913666	9.249442011	5.460830107	7.869240268	5.463993607	7.712309386	9.381693346	6.736031011	7.555795824
GSM2235620	9.216084909	10.29574	5.526340216	10.03172538	5.855450536	8.86002633	8.39677671	10.11241865	7.518492189
GSM2235621	12.55932959	8.967959453	5.429876911	7.45189584	6.08619379	7.542357404	9.387715624	6.327251424	8.876090836
GSM2235622	12.71385162	10.35445955	5.504255842	8.149404959	5.646316293	7.733697111	9.506895469	7.849914612	8.386672142
GSM2235623	6.596528146	9.997334557	5.663313031	10.56766844	5.580459381	8.440382473	8.798336019	6.162789891	7.89078482
GSM2235624	9.629280634	9.791303368	5.626067202	7.720733321	5.590839999	8.596046221	8.152101075	6.450525286	7.411995091
GSM2235625	13.99914476	10.61488108	5.76244654	8.39105382	5.668383728	8.720797277	9.823144239	7.604455362	7.313678846
GSM2235626	13.25408346	10.31230512	5.629569744	9.377493226	5.748690985	8.497301529	9.190157845	7.853920573	7.899298743
GSM2235627	13.71750902	10.40028354	5.547934746	9.635049649	6.003152978	9.351762656	8.5197119	10.00480408	7.623294318
GSM2235628	8.984296405	10.70736753	5.71567242	9.100339563	5.63001691	8.488946257	9.403522438	8.16043043	8.275821731
GSM2235629	11.96524642	10.17816728	5.640366516	9.434226526	5.785587075	8.612198333	9.113010626	8.520278487	8.09898051
GSM2235630	12.82243164	10.34553634	5.495582684	9.156755304	5.53636021	8.097427184	9.326216301	8.077624524	8.529851193
GSM2235631	11.50752557	10.17762449	5.543029968	8.151405531	5.485316701	7.964963151	9.326216301	7.895023855	7.827928796
GSM2235632	10.58793465	10.52845888	5.562325146	8.530869289	5.508742339	7.91399048	8.484926592	7.352050579	7.372830949
GSM2235633	13.52892886	10.80987692	5.468448389	9.223637033	5.822371273	8.309004834	10.27155425	8.220827628	8.39535154
GSM2235634	12.92478052	8.812828217	5.449243288	7.972760282	5.760071761	8.745119215	9.756636644	6.676553804	7.830399804
GSM2235635	7.756148305	8.806526187	5.61361013	8.910919782	5.907109813	7.379180091	8.990900522	6.645602934	9.255778592
GSM2235636	12.42567781	10.23390423	5.739641698	8.306566881	5.594448707	8.511501556	9.38469537	8.047085718	8.220071694
GSM2235637	9.797560079	9.614288201	5.513500559	6.57570579	5.520770886	6.76884845	9.021678149	6.147686416	7.934635549
GSM2235695	6.077128123	9.751669385	5.694350951	9.599279817	5.924972397	8.486256571	9.475763988	9.109677763	8.233672622
GSM2235696	6.154367863	10.80704957	6.011379317	8.562630109	6.176313581	8.684684226	9.647497831	6.332868893	8.490616386
GSM2235697	7.796767297	10.87094345	5.912385711	9.626809587	6.248074558	8.280337685	10.21950168	9.49827763	9.698707492
GSM2235698	7.847656403	11.161975	6.033129989	9.175213206	6.233555099	7.612093997	9.42766904	9.162476796	9.248992002
GSM2235699	10.96143528	10.98098245	6.041770256	10.46797662	6.406806876	9.154646417	9.832034836	7.745575873	8.132813032
GSM2235700	10.03224491	10.65532307	5.783513654	8.957167106	5.967890502	7.84501006	10.14341804	8.229981767	8.866884149
GSM2235701	7.211506588	10.12164665	5.857645561	9.07796515	6.848284839	8.250704001	9.769982938	9.596957263	9.275468471
GSM2235702	12.24271095	10.7371779	5.801683885	9.611313252	5.954790386	8.473394064	10.12539119	8.09994852	9.421614355
GSM2235703	10.66158041	10.89620365	6.08395558	9.20802772	5.960139959	8.439446487	10.30297265	8.333968563	8.821054188
GSM2235704	12.68202555	10.65650586	6.042042097	9.207682364	6.108984804	9.081800165	10.7995527	7.655256189	9.229706771
GSM2235705	12.73962584	9.565478881	6.005579846	9.524436491	6.008424347	9.420491535	10.39719673	7.045688668	9.1170166
GSM2235706	11.20508808	9.861755486	5.688665954	9.840070538	6.057538123	9.033691086	10.26182883	9.163484999	9.135604691
GSM2235707	5.810804084	9.86343465	5.807550574	8.081519014	6.21167162	8.842500997	9.861362263	6.806641146	8.530940085
GSM2235708	7.152542434	10.5829494	5.830405161	9.68573754	6.138181994	7.886958877	9.892326557	7.131119837	8.418131994
GSM2235709	8.062270326	10.70025579	5.744101666	9.997796983	5.735457999	7.810510219	9.359501802	6.475513488	8.733040035
GSM2235710	8.046403331	10.69076347	5.842574694	8.686289673	6.273843658	8.554566382	9.622194499	9.851848365	9.327501584
GSM2235711	6.591048831	10.49156608	5.944979365	7.902536836	5.77304198	7.670770175	9.719988544	6.49661659	8.685621779
GSM2235712	6.74690679	9.83328106	5.778165753	8.156989598	6.060012862	7.473385309	8.985818297	5.830610075	10.51006571
GSM2235713	10.79162804	11.20735066	6.162720867	9.605853473	6.200649619	8.030979228	11.15277928	8.378255902	8.298374408
GSM2235714	7.449636182	10.63467099	5.88079689	6.510377274	6.201041105	8.372944726	8.921686387	6.496526879	8.432805645
GSM2235715	7.159649101	10.5999568	5.933497319	8.864956141	6.081518171	8.88757986	9.767859095	7.225163612	7.77789518
GSM2235716	9.071503614	11.49885339	5.95030122	9.422385198	6.079615387	8.081239906	9.908560893	6.680394604	8.846708406
GSM2235717	12.35012175	11.07089184	5.910647298	8.417230764	5.804745725	8.247940796	10.67533253	8.188937422	9.035740755
GSM2235718	9.119393136	10.21660661	5.836637155	8.292265971	5.980473633	7.72603022	9.527614304	7.235597009	8.42831245
GSM2235719	8.950171642	10.49484367	5.928499111	8.440036639	6.009612221	8.400744659	9.333680302	6.912196312	9.851848365
GSM2235720	11.4512793	10.88421662	5.769366318	10.33452163	6.49227645	9.015791316	8.671802714	9.300518424	10.05949087
GSM2235721	8.33134703	10.23700116	6.009592468	7.423078302	5.953421488	8.349664912	9.647127405	7.280345122	9.434480667
GSM2235722	8.184741187	10.18242933	5.875856511	8.932879661	6.291967565	8.301487555	10.05044542	7.372047132	8.76652193
GSM2235723	9.163484999	10.5061776	5.666080623	8.582552407	6.633909666	8.981499666	9.42007797	6.547826176	9.106990419
GSM2235724	11.76787961	10.42763909	5.790243134	9.026265236	5.947735592	8.548843966	9.624480331	7.770278464	9.033033118
GSM2235725	8.548569204	9.351407403	5.939675184	9.50514179	6.214825699	7.937625122	9.310711891	7.374549236	8.63873823
GSM2235726	11.35179595	10.08854021	5.720778177	8.224584188	6.008529283	8.519675323	9.72940587	7.802848778	9.026265236
GSM2235727	9.996420955	10.26665853	5.809910567	7.408366252	5.860366681	7.87243533	9.429148658	7.106444533	8.921380605
GSM2235728	9.555241284	10.14050557	5.956370114	8.463490968	6.143571187	7.991247254	9.770798896	7.713172201	9.454883798
GSM2235729	12.09838998	10.53728682	5.967107884	9.180391191	6.145290643	8.805326494	10.04261452	8.271881776	8.838002821
GSM2235730	11.26368558	9.98719391	5.936066256	8.851329171	6.012547021	9.002158424	9.593434889	6.285493715	9.73913536
GSM2235731	5.561058132	9.722885119	5.777286116	6.873722686	5.934875504	7.630622745	9.43977054	5.936291318	8.413967925
GSM2235732	9.181055739	10.53784301	5.999027569	8.897170547	5.979797695	8.832503271	9.17972299	7.151124257	9.092897344
GSM2235733	7.355141981	10.60329188	5.984618776	9.300518424	6.10217986	7.94582571	9.399217041	7.804153049	8.167812092
GSM2235734	11.81705943	10.36819847	5.965188642	9.059548916	6.214935737	8.842796806	8.74363218	8.688242793	7.913800086
GSM2235735	9.734606411	10.58239492	5.884932571	8.614024867	5.911436282	8.626468374	9.820748468	8.237644277	8.590689126
GSM2235736	9.3466071	9.788169682	5.864277653	10.30399654	5.886355473	9.029324569	9.546847664	6.307835885	8.296349099
GSM2235737	9.434480667	9.967236375	5.779054863	8.40514937	6.238216169	8.634435856	9.46463849	6.987336142	8.08567588
GSM2235738	5.914747903	9.152644423	5.944069563	7.632896596	6.121266376	7.577978878	9.887458099	6.68756966	8.269577756
GSM2235739	6.411765748	9.834505345	5.855746494	7.063741063	5.785996643	8.333400368	9.453365588	6.540654982	7.547378248
GSM2235740	8.125547858	9.807726026	6.056545228	6.684106882	5.893625784	7.841252101	8.951827254	6.709543722	7.310743554
GSM2235741	10.54069823	11.10413082	6.19817295	11.12572234	5.860453755	8.741975552	9.125921509	7.411373328	8.416937981
GSM2235742	7.68202039	10.41531668	5.919778068	10.66802083	5.95122856	8.242544007	9.045630163	8.823287398	9.3466071
GSM2235743	8.087610641	10.41960696	5.906889781	8.959493685	5.95215463	8.223143036	8.853176851	6.894842719	8.818522078
GSM2235744	7.596831533	10.51499229	5.824424897	7.212139923	5.674994577	8.091813629	9.551809108	8.010060771	8.071103384
GSM2235745	9.806544745	10.44710054	6.052498509	9.227568983	5.845434678	8.094893347	11.55727954	8.398005737	8.923323653
GSM2235746	9.482567598	9.98494643	5.812137061	7.458677955	6.04269493	8.236562301	9.979191587	8.650839994	8.155830323
GSM2235747	9.339396829	9.088891405	5.909054776	9.738699726	6.148921644	8.049437458	9.779892666	7.454341595	8.723449416
GSM2235748	12.0772231	10.70880737	5.634696782	9.431466097	5.789263874	8.289362712	10.69076347	9.486370229	9.276184695
GSM2235749	10.88360584	9.638011136	5.976540471	5.874767448	6.562205046	6.752464976	9.412945596	5.699038673	9.674233851
GSM2235750	14.11056649	10.18335804	5.828939184	9.841298463	5.99259702	8.5632282	9.951628229	7.693957121	8.833144166
GSM2235751	6.893358744	10.34272348	6.152360257	8.024405065	5.742218068	8.686592237	9.898614023	6.867038013	9.911539448
GSM2235752	8.034905333	9.501833372	5.958121747	6.561993402	5.933728499	8.378831093	9.484504249	8.317938407	6.744734718
GSM2235753	12.27929402	10.60617082	5.920986041	8.760821764	6.044216174	8.482630532	10.14671618	10.24574127	8.104616503
GSM2235754	8.079831578	10.46311862	5.886538626	11.15963953	5.869337098	8.613104599	9.577670756	8.104345973	8.45960728
GSM2235755	12.08279749	10.81139117	5.923160483	9.710393499	5.980268918	8.469218321	11.16733457	9.092897344	8.691030427
GSM2235756	11.68749142	10.22621178	5.748198729	8.572465801	6.256670181	8.156108063	9.853164883	8.178610724	8.049437458
GSM2235757	9.07186417	10.0267376	5.989674334	10.55242473	6.025088242	9.287465686	9.348427279	10.33658483	9.198138984
GSM2235758	11.12572234	9.7947835	6.177571588	8.229712062	5.885536771	9.237591554	10.82581962	6.359015643	7.842336676
GSM2235759	9.027648616	11.09193305	5.963343779	10.27131711	5.674268719	8.52340015	10.31751911	8.619056764	8.83574091
GSM2235760	11.63416283	10.61633242	5.802810121	8.807929978	5.686772383	7.991512233	9.572226612	7.854396093	8.82451549
GSM2235761	11.66962486	10.74245984	5.924746628	9.049334619	5.798585206	8.050242769	10.69134904	8.259426918	9.017747665
GSM2235762	12.37423703	9.636402514	6.158865978	8.530642858	5.864781888	8.507692859	10.30198168	7.143109769	8.438490159
GSM2235763	9.981393737	10.06732198	5.988623157	7.174120444	5.7823688	8.330751562	10.02309711	6.617274997	8.23164484
GSM2235764	5.883412681	10.04028735	5.796222106	7.72058969	5.813832787	7.987045144	9.838818575	6.300254241	11.03664324
GSM2235765	11.51808541	10.17906439	5.896026431	9.459700509	5.973372775	8.718724481	10.45240139	8.590055331	9.208728824
GSM2235766	9.021208466	9.937038872	5.91371742	10.58976671	5.990423765	8.574543492	9.55413981	10.31894142	9.005473532
GSM2235767	12.47631483	11.31621587	6.240215195	9.701198479	5.995869764	8.569098048	11.91617379	9.45449435	8.856507177
GSM2235768	9.743892427	9.83535991	5.951021456	9.592267254	5.983254592	9.158188611	10.32746609	8.019770178	8.424186251
GSM2235769	10.27480578	9.407304523	5.801735115	10.83769629	6.015340077	8.964118166	9.286759818	10.32746609	8.792016628
GSM2235770	8.242267263	9.481791481	5.756788715	7.756607882	5.696426639	6.600574482	9.730203831	7.008637547	9.608128907
GSM2235771	9.411498842	9.745235154	5.719256354	8.501271486	5.969019133	7.583105677	10.04723753	8.317938407	8.8801311
GSM2235772	10.12872159	9.859284964	5.770066677	8.795772014	5.894293834	8.103184503	10.05859962	8.02632845	8.600050296
GSM2235773	11.25951868	9.75336422	5.709569331	9.10936381	5.977562276	8.234243138	10.0893988	8.002071885	9.26245566
GSM2235774	11.76231579	9.32111432	5.853450489	8.78500415	6.138150513	8.615893891	10.03488724	7.791483556	10.03801821
GSM2235775	11.74929995	9.465001752	5.82784872	9.183425376	6.20265275	8.048322378	10.0208786	7.900657976	9.315283485
GSM2235776	12.24271095	9.883563448	5.815756756	8.770015706	6.439433219	8.05329349	10.24140581	7.942831227	9.291777933
GSM2235777	11.33530993	9.636816691	5.890228785	8.673712499	5.865972017	8.178038632	10.17194273	7.503725472	9.428069936
GSM2235778	9.344147052	9.502972033	5.919710087	8.549755314	5.857542202	8.367546238	10.07512378	7.410677096	8.844722794
GSM2235779	7.333723448	8.07700291	5.74059852	7.588461779	5.876779686	8.777977288	9.555241284	6.779496369	9.236467123
GSM2235780	9.480682638	9.661201669	5.95228602	8.108270588	5.653292896	8.829880131	10.74189165	7.372505182	8.529728199
GSM2235781	12.41422774	8.9168267	5.826721439	9.56242777	5.818925841	9.186908544	10.01370082	11.00839631	9.445345595
GSM2235782	8.915161812	9.948979077	5.774396387	11.53042879	6.139119884	9.272959816	10.06077296	8.988784759	9.589654984
GSM2235783	12.85788299	10.01689644	5.858510351	8.205701967	5.583637956	7.879734005	9.79435036	7.72296294	9.619078242
GSM2235784	7.120567016	10.17859499	5.950122843	8.62370681	5.902559915	7.963492894	9.186577403	6.978783408	8.782751815
GSM2235785	11.29107791	8.723449416	5.836767053	8.051069758	5.958179429	8.340955148	9.788560958	6.928216417	8.710971758
GSM2235786	11.48389356	10.85111635	6.187982038	8.580702293	6.088747251	8.104616503	10.77567659	8.773815121	9.576950514
GSM2235787	11.51904503	10.20795559	6.217945045	7.729901326	5.932809178	7.869785919	10.00888875	7.866464349	9.033033118
GSM2235788	8.44683668	10.53784301	5.902575432	8.119784386	6.134547274	9.477674202	10.24426266	7.424715727	6.961047583
GSM2235789	7.734247388	9.869004039	5.961506812	7.635145696	5.918424587	7.686344597	10.00531941	7.431225452	8.441855074
GSM2235790	7.517096888	9.800139393	5.664930583	8.88046577	6.339435135	7.261386635	9.670993861	6.873722686	8.174307319
GSM2235791	11.24927017	11.09121984	5.898914634	9.799294168	5.890922265	8.471307556	10.73583687	8.381239298	8.885669635
GSM2235792	8.691684688	10.42498311	6.060461892	9.371748107	6.257548197	8.905973297	10.26853063	8.068923496	8.387249074
GSM2235793	11.90397108	11.01187079	6.038221777	9.868592956	6.041137124	8.655218738	10.52851919	8.573085331	8.629626167
GSM2235794	9.045961676	10.88228529	5.921643569	10.1248548	6.31437625	9.217179741	9.53814482	7.333942978	8.481040613
GSM2235795	11.00362615	9.443833261	5.756153667	9.541039152	5.988888177	9.218547191	9.821999669	7.52612576	9.315641274
GSM2235796	13.19670236	9.795223363	5.948614637	8.596885041	6.069002371	8.858152551	10.38250104	8.380928948	8.148971813
GSM2235797	7.583851695	9.803540273	5.829786583	7.651196261	5.710731238	7.653770022	9.791036072	6.427103964	8.604113185
GSM2235798	7.88667897	9.885679249	5.86617942	7.76741649	5.887834132	8.923984346	9.557865208	7.158617892	8.216674858
GSM2235799	8.603119454	8.519043488	5.840803465	7.645619208	6.120057135	7.955271388	9.990240545	6.739404651	9.288159646
GSM2235800	11.5648493	10.30250041	5.760202326	9.36846621	5.978564071	8.17285277	10.92258417	7.913800086	8.803705855
GSM2235801	11.30811931	9.726579659	5.947532246	8.252454683	5.564535107	7.922658266	10.09637621	8.126401103	9.230789194
GSM2235802	6.677464983	10.1386681	5.863252514	8.621485046	6.056585096	8.933558888	10.82644652	7.44846186	7.63465064
GSM2235803	9.884388726	9.877942037	6.075835279	8.17971043	5.969869065	7.435669213	10.20360463	7.206896726	8.049995157
GSM2235804	9.318920432	10.93002423	5.877451204	9.94679509	5.739866316	7.973355403	10.98162424	7.950765024	8.683065817
GSM2235805	9.069460465	11.10936077	6.03549443	9.32860399	5.790170146	7.683844376	11.32045615	8.32306901	9.539530504
GSM2235806	7.622448836	9.63878833	6.000763961	9.10257368	5.914389885	7.203581457	10.38887503	9.028672147	9.255679125
GSM2235807	9.077601004	10.634139	5.733940332	9.495981398	5.907516929	8.187814448	10.00979147	7.252451293	8.056963556
GSM2235808	7.559147003	9.922954582	5.985091406	7.950508434	5.843763812	7.710939627	9.994677506	6.121237741	9.064048119
GSM2235809	10.29853544	9.222334939	5.878067787	8.611562938	5.994085898	7.731735415	10.78487542	7.301994076	8.774732023
GSM2235810	7.012250903	9.006524361	6.227079512	8.508898886	5.892073487	8.12780329	9.777804095	6.853033927	8.126401103
GSM2235811	12.87464205	9.274718491	6.036972052	8.663956412	6.094219109	9.104259615	10.93068707	7.817403644	8.152417423
GSM2235812	11.08909325	9.761218122	5.993133192	8.463203542	6.01781004	8.695695963	9.977919673	7.178192189	8.559218345
GSM2235813	8.40307067	10.12026601	6.027110712	7.315065346	6.158261323	8.161825962	10.35196521	7.912710006	9.702838484
GSM2235814	11.25082131	9.55413981	6.191298084	9.005473532	6.048429013	8.535111236	10.70132614	7.763997058	8.28464505
GSM2235815	8.948852201	8.720612982	6.084153743	9.378837954	5.815940495	9.588892754	10.6089656	6.240695876	8.983117946
GSM2235816	9.411498842	9.652916499	5.85535586	7.955271388	5.987491028	7.671790525	10.33160004	7.244703246	8.634435856
GSM2235817	12.69666099	8.82040287	5.995422432	9.634046228	6.524872053	8.996803799	10.98855697	8.796083123	9.859284964
GSM2235818	10.37022324	8.758615747	6.025905407	8.372051888	6.05625032	8.626468374	9.709640944	6.797297082	9.321824009
GSM2235819	12.16151968	9.50441999	6.019654731	8.528267447	5.983275998	9.001140464	10.21608904	7.351336515	10.06308376
GSM2235820	12.36015337	9.717190484	5.981845104	8.628968095	6.071857168	8.560757576	10.8174865	8.073587417	8.88046577
GSM2235821	10.21998467	9.230051728	5.965427962	7.841252101	6.37594499	8.455845173	10.34023436	7.014097767	8.452249857
GSM2235822	9.919506663	9.699942761	6.06644051	9.882275978	6.018280831	8.989778145	9.382818977	10.11112938	9.643539995
GSM2235823	12.35848142	10.29613901	6.213695395	8.951827254	6.164139269	7.906886051	11.12572234	8.376139767	9.432590841
GSM2235824	12.35685939	10.57041325	5.959415665	9.644333075	5.985637013	7.941461136	11.70338008	8.508898886	9.571113859
GSM2235825	12.89325821	10.14389437	5.795534636	8.773497781	6.00381671	9.016739932	10.01958211	7.982595072	9.177266723
GSM2235826	12.58629724	10.66907961	6.043859288	7.736530511	6.218537534	9.748084064	10.1386681	6.977721621	9.408024405
GSM2235827	11.90018076	10.43510188	6.093208549	9.325020701	6.112049726	8.035469519	11.63520324	8.745205588	9.393335697
GSM2235828	12.75233819	9.148811016	6.134208987	10.23553179	6.11109187	9.093555607	10.09084694	8.082350435	8.626781054
GSM2235829	6.413953544	7.987045144	6.291465989	8.151290056	6.097850496	8.622421629	10.2951575	6.492102405	8.264673699
GSM2235830	6.863356069	9.895646689	6.072362897	7.793071065	6.127271166	8.333075018	9.936600757	6.397599493	8.897475026
GSM2235831	10.04169465	9.140080509	6.038728355	11.26206329	5.821106483	8.95922078	10.57494633	7.537804478	8.513523724
GSM2235837	11.37221148	8.652340344	6.400944625	9.236148438	6.146877646	8.732379966	10.25944915	7.322120434	8.825105232
GSM2235838	9.121063333	9.964212052	6.132835415	8.961872845	5.913894005	6.707605235	11.21345765	8.559833871	9.296470369
GSM2235839	9.164502325	9.821169452	6.189848905	7.728384133	5.950676365	7.464363901	11.24025727	7.678450735	9.168460626
GSM2235840	9.766632264	9.520476032	6.180241912	10.19504393	6.169586218	9.436741613	9.541039152	6.363346705	9.15330209
GSM2235841	11.41674157	8.644915674	6.163897355	8.717460558	6.069713413	8.890759749	10.71177959	6.983431517	8.729713718
GSM2235842	13.04456234	9.658912221	6.10783403	10.58976671	5.748397186	8.989431958	10.57603462	8.720908517	10.11112938
GSM2235843	11.7836396	9.717583736	6.145596396	9.07186417	6.174625285	8.951174143	10.19504393	9.512396798	8.231106771
GSM2235844	6.955648506	9.161387347	6.212076229	8.102911794	6.10333789	9.098034819	10.37126486	6.299396381	8.104345973
GSM2235845	9.446520018	9.251408315	6.286507788	8.64588301	5.992637716	8.225712863	10.52424754	6.319546578	8.666196444
GSM2235846	13.9806626	8.593495456	5.974777727	9.976993305	6.052520257	8.21127677	10.92929695	7.240469487	8.817226158
GSM2235847	9.669093769	9.504781977	5.750773595	8.454633773	6.309075293	8.760502189	10.77509014	7.630109234	9.285305907
GSM2235848	13.65014375	10.52585847	6.164023291	10.08336186	5.922590549	8.15640108	11.69393552	8.889794038	9.246888472
GSM2235849	11.23026208	10.17711659	5.826912135	8.938193549	6.087918558	8.656437402	10.32393106	7.721391337	8.763638548
GSM2235850	11.2547983	10.12348594	5.897459387	8.385494083	5.956039269	8.034353922	10.31299332	8.544841485	9.026104728
GSM2235851	7.490573524	9.114956944	6.149872209	7.393779048	5.816915759	8.455845173	10.4339902	8.661181491	8.981822962
GSM2235852	10.44710054	10.35302062	5.865031356	8.099125075	5.604178816	7.855972185	10.27480578	8.054135514	9.219221174
GSM2235853	8.599091104	9.827005187	5.715822765	8.520916776	5.718680502	7.679724435	9.982767734	7.079674108	8.395374343
GSM2235854	10.99547115	9.892326557	5.901057398	8.462902715	5.935370302	8.123851835	10.2555604	7.324763641	8.773497781
GSM2235855	11.1264404	10.33302617	5.749294936	7.455118386	6.426550559	8.449578753	9.75595826	8.406860829	8.359664954
GSM2235862	7.549319745	10.50372284	6.0435148	9.862558365	5.764976312	9.559024378	9.748866772	8.577857963	8.300065761
GSM2235863	14.08032303	10.11385845	5.907659904	9.780707372	6.247828475	8.643115573	10.91387381	8.130815024	8.602798468
GSM2235864	11.95957727	10.09778395	5.923913968	8.41338233	5.629991703	8.804034421	10.48610359	7.440201908	8.205701967
GSM2235865	10.42062216	8.898093396	5.876530816	8.980498202	5.640843849	8.363998177	9.920394428	9.505554971	8.606628345
GSM2235866	9.197417212	10.01067557	6.01294538	9.610553682	5.744928951	8.917444744	10.2555604	7.833287233	9.008210558
GSM2235867	11.97257726	9.767041821	6.051374893	8.825792357	6.134997045	8.649948156	10.20981892	7.812388206	8.249349409
GSM2235878	9.093224108	9.50514179	5.841957316	10.0991763	5.86598861	8.973507976	9.537541652	8.508572698	9.45449435
GSM2235879	11.42635521	9.822434511	6.075142451	9.665170868	5.818831394	8.936189566	10.16923741	8.169202091	9.152644423
GSM2235880	11.81588521	10.18474054	5.915626671	8.17486564	5.767084685	8.053858577	10.03040129	7.407034927	8.551859587
GSM2235881	10.83706967	9.710393499	5.888592516	7.952979861	5.540503592	8.663033368	9.712848129	7.446078696	7.931393106
GSM2235882	11.80638983	9.664799161	5.975784754	8.905022142	5.780645814	8.585983989	10.17017825	7.863509451	8.558278571
GSM2235883	10.69253035	9.989360237	6.082046154	8.485659184	5.53237859	8.541134762	10.03579324	7.645619208	8.958878886
GSM2235884	12.81624672	9.985878774	5.967631931	8.341277214	5.857598732	8.063925592	9.997796983	7.96235365	9.146348094
GSM2235885	7.578213401	9.717190484	6.06935197	9.156030564	6.221237261	8.323990885	9.641552644	7.318427067	9.759162254
GSM2235886	8.847376744	10.16432752	5.803337581	9.929620473	5.741830756	8.76652193	9.739523203	7.517339402	9.081800165
GSM2235887	11.08242415	9.576527581	5.73453604	9.825735361	6.100744514	8.386101261	11.01187079	7.05204806	9.724597574
GSM2235888	9.845884316	9.532824114	6.164434636	8.010060771	5.943022272	7.906588744	9.875811085	8.022240335	8.089031661
GSM2235889	8.974156989	9.89776994	5.95230669	10.10883744	5.548687185	7.256944309	9.379207738	6.886377767	10.15277319
GSM2235899	10.62952956	10.0719127	5.810975877	9.411118553	6.227792525	8.741651988	9.503672157	9.630421175	8.476662578
GSM2235900	11.91617379	9.774955968	5.767275345	8.994150415	5.683614914	8.531249505	9.463175847	8.05753199	8.518439397
GSM2235901	11.39171667	10.27287408	5.984193399	10.90281984	6.283099706	8.819775027	10.22388967	7.274651333	9.249344033
GSM2235902	13.92663245	10.8297087	6.316453538	8.980498202	6.029001764	8.657074847	11.39776787	8.842796806	8.482978159
GSM2235903	10.15084272	10.0737507	5.996739296	8.535717042	5.845378325	8.462902715	10.10326296	7.903871929	8.443926799
GSM2235904	11.21263554	9.554479857	6.046191268	10.48167444	5.829586236	8.614355936	10.25025808	7.82528992	9.752516511
GSM2235905	11.47765818	10.28771311	5.882591074	9.71880323	5.968649463	9.21147711	11.04216468	8.179176337	9.156413071
GSM2235906	9.181055739	9.008862291	5.925570293	8.68792787	5.697510752	8.979137627	9.500630311	7.265965217	8.434596794
GSM2235907	6.741507539	9.494474215	5.990450321	7.560394521	5.718764671	8.669548779	10.13108021	6.853357184	9.237220911
GSM2235908	10.69314675	9.759584643	5.843682745	8.706668724	5.809840625	8.550632792	10.97259101	7.674672574	8.856507177
GSM2235909	8.845089599	10.12731824	5.897812651	7.985643362	5.84276845	8.622732103	9.959520424	7.417688532	8.20950629
GSM2235910	8.824811345	10.3407875	5.749744001	10.39306355	6.034283236	8.973155058	9.293214845	7.555009081	8.801187323
GSM2235921	10.25794241	10.67254466	6.015734773	9.227238208	5.984874097	8.029081468	9.44729129	6.827049585	8.567201885
GSM2235922	10.44496019	9.614516624	6.070884379	10.24334241	5.84392996	7.698107294	9.788975104	7.122702114	8.917160993
GSM2235923	8.632861277	9.184784286	6.078210551	8.075295875	6.09928168	7.663698884	10.60787963	8.712835406	8.659572966
GSM2235924	9.96680053	9.771207216	5.899334101	8.436694603	6.395454346	8.101034016	10.25505928	7.429831947	8.929597702
GSM2235925	8.887874304	9.620603648	6.016141771	7.385673285	5.791945456	7.795977356	9.536401328	7.257133188	7.821376017
GSM2235926	11.67471219	10.03893921	5.861283237	9.237591554	5.780821471	8.629323672	10.08854021	7.813953523	8.503698291
GSM2235927	10.96345913	9.69354431	5.710234341	7.550316516	5.63163649	8.833144166	9.52984754	6.813084748	8.330751562
GSM2235928	8.293123458	10.09684877	5.821974207	9.05367478	5.709274776	8.545155132	10.17383849	7.406793871	8.823577557
GSM2235929	12.8978324	10.65815052	5.811458415	10.14940592	5.974862795	8.375583214	11.12277694	9.180049325	9.183773008
GSM2235930	13.55452053	10.08425383	5.659008534	8.249349409	5.790209239	7.896972743	11.05579189	7.907686054	8.914864982
GSM2235931	6.773174403	9.386578876	5.874536854	9.148811016	5.724024689	8.251570636	9.408430104	7.209419315	7.83461147
GSM2235932	6.024957547	9.343800045	6.246186769	7.78861461	6.250383952	6.259465282	9.09700994	5.81661251	9.174112909
GSM2235933	11.23709418	10.80457185	5.909873783	9.217518076	6.008653587	8.955116136	10.48220567	8.83152274	9.460459745
GSM2235934	9.484902463	9.476522231	5.970392248	8.730761198	5.711715335	9.150932523	10.08066473	7.825016937	8.834764036
GSM2235935	10.74307334	9.800978107	6.060046892	8.968838506	6.045475125	8.784364601	10.02761847	7.854396093	8.479388539
GSM2235936	9.594984677	10.5333876	6.022644744	7.712237526	5.889314831	9.226872516	10.30447919	6.974232542	8.429201717
GSM2235937	7.641034115	10.09453089	5.746506859	8.010060771	5.710474555	8.308760803	9.726579659	6.644091541	8.00233599
GSM2235938	7.994886222	9.056477387	6.048381036	7.727076184	5.712653107	9.235783319	9.209384007	6.997773028	8.522183864
GSM2235939	11.12792348	10.28319602	6.066596477	8.612796891	6.488365719	8.340955148	10.38836359	8.722515037	8.680230076
GSM2235940	11.73208002	9.842956291	6.070915323	7.981816254	5.786342965	8.215209606	10.0737507	7.906045394	8.422973786
GSM2235941	8.410466045	9.905915095	6.000830504	9.256767168	5.981073898	9.444600065	9.906369552	7.019033676	8.403957804
GSM2235942	8.258262824	9.486749829	5.884539266	7.339306958	5.847086485	8.91803001	9.421217437	6.977377203	8.087865099
GSM2235943	11.09049668	10.10515103	6.025931378	9.443124817	5.886702474	8.800546082	9.626400855	7.395605401	8.418451938
GSM2235944	12.43006063	10.8212445	5.968190998	8.996480759	5.817243976	7.830101505	10.9753663	8.646507885	8.838941214
GSM2235945	12.02738125	10.21322431	6.00700704	11.06354669	5.66128096	8.302101793	9.774955968	9.860340566	9.511251925
GSM2235946	8.576659453	9.210398105	5.859158115	9.315283485	6.245910507	7.425891479	8.554566382	6.422869286	9.391900705
GSM2235947	7.986754155	8.791088554	6.134560643	7.681762125	5.847500346	7.671790525	9.745636757	6.690167822	9.125921509
GSM2235948	13.47868693	10.38103012	6.044237052	9.543292827	6.116460209	8.524919753	10.78369585	9.147414965	9.957759477
GSM2235949	7.772712104	10.02532705	5.941386117	7.328442734	5.657182096	8.419363743	9.553365523	7.684834572	7.908758641
GSM2235950	13.41301771	11.7406355	6.010116829	9.432208853	6.045365256	8.458416702	11.53706097	9.752937843	9.541792642
GSM2235951	12.9357131	11.08380808	5.892968072	9.828669364	6.062249751	8.455236265	12.27269497	9.457877073	9.443833261
GSM2235952	6.697050458	10.0458905	5.931426825	8.754430116	5.939266087	8.10052505	9.982323962	9.947674394	8.643420503
GSM2235953	12.90734698	9.547617875	5.948747969	9.43824904	5.975542628	9.220613128	10.87228915	7.440640529	9.246542127
GSM2235954	8.64460809	9.567120851	6.181581149	7.571608829	5.859944639	8.553966293	10.20795559	7.42959574	8.395958763
GSM2235955	13.52506984	9.604264601	6.129763654	9.191419116	5.939248003	7.787826826	10.60274031	7.69420347	9.033362014
GSM2235956	7.556475317	9.095295422	6.119483047	7.508017877	5.91309897	8.389095754	9.784805331	6.676467013	9.768296254
GSM2235957	8.624627237	9.934434006	6.177487714	9.133273183	5.786406094	9.222681847	9.803540273	6.922669836	8.524919753
GSM2235958	10.87691009	10.5965328	5.959288391	9.042522701	6.21880615	8.444801519	10.61460886	8.712543494	8.816917639
GSM2235959	6.404148862	9.319663937	5.929366245	10.85241433	5.837858255	9.723317546	10.48722558	6.323393825	9.841298463
GSM2235960	6.15915664	7.917280347	6.011401883	7.84370935	6.133026556	8.564784893	9.328237817	6.645172555	8.190932203
GSM2235961	13.08566131	10.20121543	5.967544151	9.489474934	6.001226224	8.271615393	10.28216534	8.489456403	9.276904985
GSM2235962	7.615729751	10.04998907	5.933458663	10.24288611	6.108929339	8.157543769	9.119756747	7.353148739	9.114290026
GSM2235963	6.590626878	10.10566067	5.918931192	9.018439856	6.361614258	8.662127375	9.486749829	6.394979803	8.628339133
GSM2235964	10.94726646	9.918648834	5.850880307	8.405440792	5.739143279	8.649948156	9.657251591	7.632137406	8.478522529
GSM2235965	7.815801701	10.41796538	6.002185326	10.72135825	6.108287482	6.777273654	9.461233993	10.03084142	11.08166107
GSM2235966	11.33214358	10.46050647	6.072942728	8.764913799	6.207219477	8.073337628	10.16831848	8.775713501	7.906337001
GSM2235967	8.534212055	11.40303872	5.921689893	10.80399499	6.271831017	8.662127375	9.873699401	9.541792642	10.12070484
GSM2235968	6.264849723	11.84528505	6.296909332	10.24929609	6.476359193	9.434480667	11.02819354	10.63861035	8.434897069
GSM2235969	6.768842998	9.888740241	5.839335378	7.801805766	6.118403454	7.184606066	9.107678767	6.050522366	9.423181779
GSM2235970	10.37425832	10.17062334	5.980828631	8.734643985	5.996473061	7.836205401	9.642349099	8.100772596	10.21123751
GSM2235971	9.152977402	10.25360981	5.86115634	8.222307937	5.671733434	7.12250681	9.67898627	7.959375195	9.949890278
GSM2235972	6.138642608	9.363363907	5.942380851	6.740385732	5.782501547	7.724789291	9.431864122	5.969019133	10.25408014
GSM2235973	6.281840199	10.9212649	5.853441882	7.631370503	6.063334357	7.044913029	9.682865039	6.052118472	9.506320561
GSM2235974	8.8554997	9.20802772	5.961583538	10.57212775	5.849859694	7.413243744	9.435986057	6.024998723	10.89276136
GSM2235975	6.479736897	9.922954582	5.788386728	7.830362638	5.863458041	7.05242376	8.840893042	6.293444591	9.644732018
GSM2235976	6.04332717	9.635981453	5.695598618	8.204367549	5.789799942	7.149915202	9.338016533	6.007912078	9.587705829
GSM2235977	11.64626413	11.19017666	5.937858625	10.73287235	5.833457401	8.550336587	10.40291292	7.732987498	9.921287624
GSM2235978	9.754221295	10.72193323	5.768402703	8.518119048	5.719346449	9.212168963	9.381074061	7.359430237	8.353662849
GSM2235979	10.20981892	10.70370792	6.028338007	8.17202411	8.091274482	8.701685904	9.489815505	8.305896364	8.186439118
GSM2235980	8.981499666	9.827005187	5.887404829	9.91275766	5.938503123	7.838091235	9.578878366	6.674054917	9.300518424
GSM2235981	8.394096637	10.27831119	6.372145696	8.521549002	6.525876614	8.250445199	9.007902708	8.889150687	8.451910624
GSM2235982	9.272217602	9.561326576	5.859450066	8.392654895	5.628142012	8.094377658	8.950850326	7.36279606	8.936189566
GSM2235983	11.15505631	10.35620749	5.940697283	8.089903474	5.476779838	9.128386802	9.517390705	7.965470958	8.615583931
GSM2235984	10.28419792	9.625256787	5.840476009	9.824487152	6.215238467	8.565379205	9.50514179	8.499166665	8.339264609
GSM2235985	10.37530574	10.43510188	5.893652432	9.476522231	6.762277506	7.032284384	8.985818297	8.361141106	10.11525924
GSM2235986	10.29464353	10.15685236	6.011790178	7.262716614	6.098330949	8.87043245	9.300518424	6.941655484	7.775319453
GSM2235987	8.850327922	10.18665674	6.0097585	8.620270962	5.935312644	7.833786924	9.392958953	7.48630177	9.047668947
GSM2235988	9.868592956	9.602376273	5.788576192	7.123896557	5.915765946	8.26582132	9.883563448	8.190932203	8.01088682
GSM2235991	11.80289229	10.09684877	6.057428551	10.07057767	5.712923615	9.211817999	9.897362139	7.05353896	9.167399292
GSM2235992	9.673410635	9.943617257	5.95173377	8.582253814	5.919631178	7.5817841	10.20169209	7.502017308	8.852569378
GSM2235993	10.21950168	10.1429017	5.914993369	7.925323855	5.926585278	8.392654895	9.837969916	7.899571168	8.52913783
GSM2235994	8.456147875	11.22625533	6.047211804	9.830364599	5.661550577	8.366942089	11.51028717	9.857512459	8.996154401
GSM2235995	6.553097358	8.511349174	6.006541069	7.526404956	6.092355284	8.576066791	8.943570638	6.609609166	8.843130471
GSM2235996	6.189859862	9.843756905	6.037672145	7.120359305	5.784117239	6.217359224	8.142950824	6.23088716	8.541748773
GSM2235997	7.083142244	9.620603648	5.82351418	8.197982864	5.906912978	7.653262622	9.207013755	6.865572291	9.584121868
GSM2235998	9.34698469	9.101894989	6.075490124	7.58212485	5.946612949	6.50317935	10.17665162	6.719223617	10.34171676
GSM2235999	6.971306094	10.14853287	5.896073548	8.340362816	6.086670285	7.036361998	9.164160906	6.906537106	9.060603667
GSM2236000	12.82788175	9.859284964	5.905179769	10.47266693	5.739629239	7.591181333	8.582253814	7.017938393	12.48182445
GSM2236001	11.92982361	9.968105198	5.8139636	8.95922078	6.100986388	7.954995428	9.831216888	7.537343987	9.676980991
GSM2236002	8.198875164	9.67381982	6.057734771	7.329987884	6.059458284	8.502198423	9.57849523	6.348000044	7.993503802
GSM2236003	13.72446973	10.71359994	5.823798923	9.3612487	6.10966102	8.305062755	11.43336095	8.8801311	9.522871842
GSM2236004	9.421614355	10.1143176	6.001984284	8.062270326	5.6315225	8.148677909	10.21804906	6.797163677	8.833144166
GSM2236005	8.680540829	10.33607196	5.778014888	8.196247269	5.755617822	7.299912753	9.28998078	7.159030492	8.76652193
GSM2236006	8.976114579	9.02087919	6.263100759	9.147071316	5.936474195	6.330613188	10.76286855	8.659903156	7.946976787
GSM2236007	8.78500415	10.37530574	5.924743262	8.586923051	6.051449609	7.673140791	10.25505928	7.352943172	9.490588317
GSM2236008	12.60478175	10.52636145	6.155378827	8.520005873	5.787603633	7.78228422	10.96065986	8.60693973	9.381773856
GSM2236009	12.01685696	10.06595226	5.877771988	8.451344983	6.06638887	7.558905463	10.5586066	7.536440381	9.570301287
GSM2236010	10.81318552	9.868592956	5.898828353	7.228400677	5.631348611	7.970664265	10.22824627	6.826167207	8.780523887
GSM2236011	10.42716404	9.899475132	5.900527701	8.71655457	5.871771825	7.726302929	10.49324565	9.882275978	8.205140693
GSM2236012	7.896169205	9.550241483	5.913517545	9.611313252	6.007379229	9.073555053	9.836625154	10.12539119	9.033691086
GSM2236013	9.304264467	9.706006518	6.012797939	9.154315617	6.053355258	8.913265857	10.17665162	9.787301681	8.362279049
GSM2236014	5.889402756	9.018792935	6.115900365	8.235959542	6.445939237	7.686344597	10.38731115	6.496976052	8.104345973
GSM2236015	11.43956511	10.7194907	6.021862744	8.611864416	5.883203377	8.204076719	11.65845181	8.951496762	8.579769181
GSM2236016	7.575363333	9.737812155	6.180396948	9.171318037	5.875964419	8.884357082	10.39873465	6.775366679	9.130472677
GSM2236017	8.9168267	9.726579659	6.018192577	8.275933496	6.152624952	8.200022648	10.70192934	8.619666872	8.594112361
GSM2236018	7.568596338	9.212560551	6.070727326	7.874279349	5.906195809	7.918328557	9.750473413	9.068462429	7.958567965
GSM2236019	11.07801434	9.136690824	5.991759466	9.269734106	5.645315671	8.618401352	9.517777183	6.303179505	9.312166828
GSM2236020	6.708124511	9.577341553	5.953256432	7.901749082	6.182669169	8.762394215	10.30399654	6.768545358	8.070002332
GSM2236021	11.65845181	10.64086454	6.143135503	9.886123058	6.10890492	8.73819186	11.03236485	9.092561685	9.100142042
GSM2236022	10.41687974	9.93352453	5.99606939	10.72193323	6.34143382	9.234718857	10.37839078	10.12539119	9.856682435
GSM2236023	7.377340553	8.375863985	5.97269931	8.073057658	5.648720405	8.122984562	9.522051261	7.160446744	7.914087196
GSM2236024	9.11144055	9.568301075	6.064764593	8.050795771	5.870650132	7.831170844	9.856682435	7.578466948	8.153757879
GSM2236025	12.13389918	10.2473356	5.995799069	8.786629602	6.024957547	8.095473101	10.54282084	8.53185047	8.891408208
GSM2236026	13.42300925	10.32849403	6.095942767	9.722499612	5.893004826	7.883501985	11.66458754	9.114956944	7.854895956
GSM2236027	12.64068995	9.768296254	6.080493832	8.917444744	5.818710237	7.49457618	10.84978792	7.455118386	7.039012277
GSM2236028	10.49961595	7.749565349	6.16580002	8.203808518	5.754915651	9.706796196	10.02577878	6.469131357	8.905664045
GSM2236029	7.942298252	9.67300313	5.80345156	7.580628238	5.551004992	8.507072614	9.761631847	7.443494138	8.773497781
GSM2236030	10.41796538	9.396180426	5.902893282	8.096859868	5.785224065	8.554566382	9.629616045	7.379123498	8.115330819
GSM2236031	13.23447573	9.894010779	5.863748514	9.538721041	6.007718827	7.984797307	10.65815052	8.871694128	8.923323653
GSM2236032	7.518996057	9.723750524	5.997185088	7.449415629	5.715763933	8.270706781	10.34272348	6.828758669	8.619361005
GSM2236033	12.2205747	10.32446155	6.030479172	10.36230441	6.86671747	8.919696768	9.759584643	10.72254404	8.8554997
GSM2236034	9.755544098	9.588098149	5.828962705	8.864610001	5.89841156	7.942035979	10.30603534	7.711981151	8.905022142
GSM2236036	9.883969448	9.457495657	5.98388031	9.491745665	6.100640766	8.818828751	9.730203831	10.24380601	7.776619042
GSM2236037	11.77690859	10.63918504	5.921526494	10.60274031	5.829164121	9.366307022	10.7346495	8.104345973	9.545655319
GSM2236038	11.74929995	9.573420673	5.886694963	9.15330209	5.799958507	7.891941757	9.870726124	7.722187942	8.864956141
GSM2236039	7.364791493	9.703990654	5.997348207	8.35255903	5.956499982	9.212560551	9.184398334	7.079862653	8.559833871
GSM2236040	7.509673906	8.089031661	6.062703727	6.766717774	5.86959291	6.990924676	10.15965153	6.407387851	7.581660611
GSM2236041	12.25054875	10.47527214	5.908381816	8.086769216	6.078690841	8.871371997	10.09132147	8.128615601	9.042161839
GSM2236042	8.490929249	10.60845097	6.052159329	7.542897973	5.833667371	7.914607194	9.491379254	6.877125867	8.877806411
GSM2236043	11.02678438	9.901230214	5.960155135	8.806937561	5.877832938	8.950171642	10.14389437	8.445648455	8.787292088
GSM2236044	7.491518471	9.429882751	6.068899988	10.10464158	6.845786134	8.11704273	10.03670427	6.607573659	9.305716349
GSM2236045	11.19887218	8.415513439	6.079120347	6.710749785	5.683543856	7.496751615	10.61071715	6.081194667	6.551114508
GSM2236046	9.187240366	8.972434432	5.979543298	7.336612985	5.847557933	8.10989688	9.999950718	6.762850745	8.293972745
GSM2236047	12.2041085	10.09084694	5.877358407	9.298295869	5.914149902	7.942540053	10.08665109	8.013685295	9.174471406
GSM2236048	5.738604214	8.367546238	6.177885683	7.371603087	5.913751512	9.133587503	10.13913392	6.257255735	8.148971813
GSM2236049	10.35510268	9.377376299	5.821149567	7.861380906	6.163956961	7.602401329	10.0267376	8.643420503	7.905248618
GSM2236050	7.413959359	10.2185093	5.874415604	7.396756574	6.447037874	7.70243185	10.3094359	6.855289447	8.447441709
GSM2236051	10.74739162	9.788169682	6.113646644	8.149849902	5.932849109	8.105052714	10.80519678	8.309360953	9.089244221
GSM2236052	11.41975988	8.700115309	5.924636546	8.490929249	6.081462739	8.115876298	9.329691442	9.907259628	8.029332374
GSM2236053	9.479609479	10.19456854	6.181767015	9.390456355	5.738125515	8.031832661	11.38026177	8.736579364	8.987493365
GSM2236054	10.57717083	11.41674157	5.966033233	9.270125751	6.057651997	8.319414513	9.841298463	8.781457805	9.219932243
GSM2236055	9.728600155	11.48303399	6.070174397	9.705545178	6.04203935	8.774431654	10.26137269	9.301249036	8.227099064
GSM2236056	10.75660814	9.926496711	5.794051119	8.139576163	5.98470118	8.522183864	9.502218146	7.058414899	8.17889777
GSM2236057	11.98376995	10.9628147	5.774941603	9.283913537	6.018191076	7.858089501	10.04496761	9.432208853	9.211107102
GSM2236058	11.52096048	10.96143528	6.062837222	8.775048369	6.127916685	8.635304854	9.983244582	8.28464505	8.887233762
GSM2236059	7.974742696	10.41531668	5.997868051	9.73381119	5.877206545	8.926957916	9.541039152	7.803099104	8.780857621
GSM2236060	12.3707484	10.73652853	6.03037182	10.15133181	5.866420513	9.155335633	9.874521954	8.333400368	8.802132037
GSM2236061	12.72448154	10.65709354	5.980894054	10.31046625	6.113604069	9.342349416	9.927414231	8.28268197	8.661181491
GSM2236062	9.086496329	10.29902149	5.949171352	9.120076993	5.995906309	8.138509083	9.725826656	7.37296846	9.049666425
GSM2236063	9.387967794	10.88156775	5.920967599	9.871534268	5.793071729	8.89458743	9.432208853	7.84607891	9.02325053
GSM2236064	7.607390721	10.72428612	5.91310187	7.833543542	5.976425342	8.678334444	9.010909942	6.660363384	8.105482567
GSM2236065	10.074685	9.378470204	6.179546296	8.685941371	5.980438259	8.254739682	11.98763277	8.40745436	8.357734542
GSM2236066	9.655689037	9.274718491	6.571058779	8.267237499	6.03394485	6.527956645	11.30403896	6.812926048	8.921380605
GSM2236067	10.1838758	8.423863965	6.310573953	8.704479699	6.095738866	8.710078396	11.05790223	6.998325555	9.647883403
GSM2236068	13.08823167	10.81260341	6.242490221	9.396180426	6.043755659	8.691987447	12.48182445	9.664799161	8.710971758
GSM2236069	9.903015627	8.76652193	6.32552364	9.845884316	6.156540745	7.627033993	9.762060727	8.38486161	8.351957544
GSM2236070	5.932992649	9.378098385	6.29896537	8.029619439	6.064638158	8.145198013	11.376691	6.977217921	8.544841485
GSM2236071	7.764536608	8.804034421	6.087580771	7.434981992	5.726442142	9.029676981	10.77629178	7.040162591	8.062803752
GSM2236072	9.928299276	9.779483901	6.09269068	9.525226627	5.894874156	9.001489891	11.76340477	7.638485669	9.361952468
GSM2236073	9.026962297	11.03937373	5.897650457	9.845448873	6.289191555	8.650251783	10.11664711	10.31653798	8.912928156
GSM2236074	5.864560465	10.9662447	6.035008016	7.103702025	5.823579922	8.839948578	9.373991736	6.568608902	9.219932243
GSM2236075	10.53233888	10.83516887	5.907619847	9.005836858	6.004291766	8.377344181	10.40442012	8.262368101	8.46258901
GSM2236076	9.072218566	10.03400694	5.771629544	8.047519846	5.964403986	7.898799428	9.320377394	7.394267048	8.258262824
GSM2236077	7.808127671	9.600057089	6.217821834	7.248425389	5.708955085	8.847045796	9.927414231	7.069875791	8.257360053
GSM2236078	7.004069873	9.98494643	5.925875405	7.646407907	6.151206005	8.977098365	9.77574699	6.713240432	8.71626103
GSM2236079	7.70321538	10.39360581	5.876891478	8.324866604	5.555679593	7.500345749	10.12026601	7.138694004	8.292265971
GSM2236080	9.944500167	10.12968199	5.835131142	8.456737652	6.045562107	8.312651235	9.59263405	7.072342526	8.310853255
GSM2236082	9.165212211	10.18569075	6.209450289	7.056888302	6.089210445	8.083777349	10.05726067	8.3024215	7.725549433
GSM2236083	9.60352114	10.57041325	5.945195054	8.888857209	6.471455394	7.956373116	10.35196521	8.12780329	7.813953523
GSM2236084	9.421614355	10.33452163	5.950581	7.650958117	6.647109376	7.729901326	9.780293247	7.470733027	8.258557368
GSM2236085	9.268003177	10.15917829	5.960745385	8.397717236	5.83057316	8.939526105	9.406207735	7.886146884	7.206686939
GSM2236086	8.431305717	11.01116246	6.224380922	9.155665554	5.987326814	8.892029163	9.250017998	8.22286394	7.878338479
GSM2236087	9.167011995	9.959520424	5.977459471	8.861040367	5.878552604	8.095745534	9.520118148	7.564822395	7.29755207
GSM2236088	7.961546983	10.46311862	5.681917613	8.048606524	5.776232738	9.305004972	9.809813681	8.084067242	7.076286366
GSM2236089	9.600473893	10.46537516	5.891255242	8.998745392	5.896548681	9.644732018	9.448861109	7.968252957	6.531966427
GSM2236090	10.3407875	10.62483212	5.860039656	8.780857621	6.294019155	8.674642528	10.46368583	9.140415305	6.765116929
GSM2236091	10.66399203	10.54178703	6.140967465	8.92832458	5.772543454	9.09700994	9.302735857	8.811250017	7.464363901
GSM2236092	11.00091293	10.03178224	6.154255268	9.406207735	6.082488079	9.315641274	9.680597162	8.83347279	7.562100053
GSM2236093	10.14050557	10.37425832	5.984115195	8.490929249	5.847557933	8.821712388	9.513554922	8.2818031	7.551530158
GSM2236094	9.862558365	10.71359994	6.245140169	8.793904958	6.226398036	9.2436464	9.719202589	8.154941031	7.868014473
GSM2236095	10.38731115	10.5231817	6.092903218	9.164502325	5.863951567	8.709137082	9.674233851	8.257360053	7.310323694
