	APOD	CCDC92	CYS1	GSDME	ST8SIA5	STARD3NL	TMEM245	TSPYL5	VAT1
TCGA.3M.AB46	3.248309004	3.430322514	2.857166155	2.695828978	0.641302345	3.384698805	3.543687698	3.520813263	3.567543361
TCGA.3M.AB47	3.638176396	3.511296276	3.060993916	2.987937417	1.106670661	3.164789569	3.53857242	3.149871523	3.637834778
TCGA.B7.5816	3.187430935	3.346576704	3.072474539	3.202050259	0.906946226	3.344942336	3.522835016	3.009527206	3.61894716
TCGA.B7.5818	2.411782759	3.504027	2.736805537	3.182873058	1.142588536	3.428845729	3.522180602	2.678327082	3.707432801
TCGA.B7.A5TI	3.503833944	3.365274789	3.529517174	3.036591254	0	3.304241675	3.651058043	2.947377777	3.642491781
TCGA.B7.A5TJ	3.49456798	3.472862469	2.874438327	2.682993368	0	3.05259388	3.53121908	2.770892403	3.645396633
TCGA.B7.A5TK	3.614487803	3.517529843	3.0387879	2.873558027	0	3.340289708	3.639132266	3.188197671	3.499070149
TCGA.B7.A5TN	3.080966031	3.569579441	3.240912721	3.162799536	1.10909868	3.244924885	3.600571464	3.194163605	3.630033592
TCGA.BR.4187	3.85846851	3.459336115	2.903191294	2.944671679	0	3.414276879	3.6246485	3.248606879	3.679164269
TCGA.BR.4191	3.60062687	3.361431223	3.123277014	2.950504679	2.062965719	3.450581835	3.65543761	2.989057423	3.617556937
TCGA.BR.4201	3.546542378	3.399714724	2.930532337	3.202089792	1.355111945	3.418823407	3.570766653	3.120552119	3.736347431
TCGA.BR.4253	2.650328011	3.252753485	1.406358521	2.902491503	0	3.39584421	3.580619699	2.838942853	3.518407086
TCGA.BR.4255	3.806372354	3.43117503	3.092170547	3.095939138	1.64270484	3.311952842	3.716174669	3.213589543	3.758542287
TCGA.BR.4256	3.495256069	3.374486998	2.990053622	3.072117174	0.81257228	3.422298347	3.604240439	3.141186497	3.716662049
TCGA.BR.4257	2.905236163	3.229218093	2.460346436	2.947332775	0.544160894	3.322697709	3.521486414	2.906387609	3.69201376
TCGA.BR.4267	2.674824556	3.378528907	2.41277702	2.827267509	0	3.359846529	3.554113326	3.329568567	3.681648704
TCGA.BR.4279	3.988002859	3.318350365	3.072736145	3.122872884	0.586223585	3.477640624	3.683858854	3.244113247	3.723123162
TCGA.BR.4280	2.447660517	3.400167675	1.92738868	2.361453959	1.368530471	3.36029135	3.536733734	2.561378728	3.482172176
TCGA.BR.6452	2.97246164	3.35642634	2.779255718	2.780835788	0.75405194	3.268535506	3.550530839	2.895626296	3.646229913
TCGA.BR.6453	3.798499334	3.464849813	2.977703484	2.998951133	1.602009786	3.250055545	3.503274806	3.175844181	3.726987489
TCGA.BR.6455	3.479974064	3.483658114	2.730738861	2.790878374	0.772428827	3.322863925	3.594526672	2.848167915	3.806363398
TCGA.BR.6456	3.522964011	3.496554509	3.204703297	3.038072222	0.474406487	3.366397428	3.573172945	3.257535115	3.784613815
TCGA.BR.6457	3.919058402	3.517508876	3.215680665	3.121119712	1.570144203	3.304467808	3.665740916	3.269866307	3.780800457
TCGA.BR.6458	3.357542952	3.448284116	3.012859795	2.979895209	1.129334287	3.296354066	3.585648392	3.02765431	3.653638493
TCGA.BR.6563	3.765853232	3.502867075	3.280374829	3.058582019	1.289387718	3.311755143	3.599978833	3.215654393	3.731430859
TCGA.BR.6564	3.763718751	3.566107149	3.436032346	3.130854018	1.18726806	3.293889952	3.748514766	3.37625608	3.762576138
TCGA.BR.6565	3.660790694	3.402899713	2.976689375	3.033433735	0	3.285001125	3.568019137	2.999811499	3.752851202
TCGA.BR.6566	3.092253325	3.336486698	3.034479463	3.041352727	0.667070097	3.275168928	3.403712797	2.868527276	3.649143802
TCGA.BR.6705	3.77755744	3.501108416	3.222725327	3.04743876	1.771760457	3.316344355	3.597912094	3.232916279	3.809994948
TCGA.BR.6706	3.546020834	3.488649349	3.096165803	2.940335233	1.030536945	3.319323361	3.577482373	3.167002971	3.685035335
TCGA.BR.6707	3.557818428	3.369177323	2.827575293	2.877783891	1.227697237	3.363080702	3.575637512	2.883052327	3.755956211
TCGA.BR.6709	2.74268045	3.477281532	2.914828268	3.360954899	1.080862044	3.387316798	3.603812842	2.851760303	3.693271153
TCGA.BR.6801	3.211376297	3.531457008	2.98645396	2.892053975	0.995875265	3.398883438	3.588953898	3.041200036	3.717434278
TCGA.BR.6802	3.013727037	3.377715072	2.661679141	2.747381717	0.677714296	3.175935182	3.498570729	2.892697685	3.667088544
TCGA.BR.6803	3.738215827	3.535868825	3.35695151	3.158335037	1.024322777	3.287984149	3.697369586	3.363321774	3.747248068
TCGA.BR.6852	3.230407618	3.359086499	2.839655814	2.826567451	1.862457338	3.243448566	3.515072115	2.841770072	3.700946787
TCGA.BR.7196	3.729910947	3.460360899	3.051832753	3.088849587	1.299646579	3.333612215	3.653012308	3.220095415	3.67711071
TCGA.BR.7197	3.403250316	3.380762364	3.025155017	2.68324954	1.142466077	3.274007229	3.638669277	2.875322387	3.674405636
TCGA.BR.7703	2.972871951	3.318798724	2.64406939	2.515834049	1.848524269	3.342740806	3.471871828	2.639363713	3.692926397
TCGA.BR.7704	3.063981285	3.580889942	2.650198968	2.736798157	2.12195807	3.309952892	3.530531397	2.999446646	3.614650145
TCGA.BR.7707	2.640931345	3.164536919	2.827373715	2.689031883	0.661113868	3.271465327	3.584753435	2.653789862	3.633966947
TCGA.BR.7715	3.513568508	3.45286448	2.881459728	2.890293301	1.867089572	3.39301662	3.610020659	2.993382875	3.746281621
TCGA.BR.7716	3.542544151	3.528408793	2.859253471	3.330612091	1.028059023	3.270250256	3.545042366	3.521111847	3.782686444
TCGA.BR.7717	3.449663324	3.506311476	2.945079573	2.695912498	1.261976586	3.307358584	3.835576974	2.939343085	3.7230448
TCGA.BR.7722	3.28023459	3.499510978	3.285546318	3.075555827	1.456093412	3.256321326	3.60839721	3.198861887	3.617271084
TCGA.BR.7723	3.568210932	3.530635544	2.628301934	3.134215383	2.014423524	3.299394942	3.621920186	3.372659736	3.732992055
TCGA.BR.7901	3.685588591	3.485019691	3.074471328	3.177208836	2.177070916	3.335076201	3.638821113	3.448064505	3.697694426
TCGA.BR.7957	3.650711494	3.411764029	3.1745024	2.976388673	1.534756548	3.342123869	3.653446147	3.312135359	3.670973229
TCGA.BR.7958	3.093215023	3.439098229	2.829856735	2.935472577	0	3.317172134	3.57041976	3.047280199	3.60564432
TCGA.BR.7959	3.688083826	3.414407508	3.072897709	3.036754973	1.18594662	3.354545522	3.690652297	3.225896928	3.714055112
TCGA.BR.8058	3.469972925	3.435736614	3.184101082	3.057609962	1.182458175	3.327629116	3.529428069	3.458839904	3.61131418
TCGA.BR.8059	3.325744299	3.433402258	3.163377914	3.11909331	0	3.338524317	3.620865332	3.187259334	3.777426088
TCGA.BR.8060	3.676855735	3.314051971	2.870166596	3.173291266	2.37276712	3.431507846	3.636298592	3.471710722	3.672772112
TCGA.BR.8077	3.532083337	3.461625531	2.970487428	3.463478446	1.675375151	3.360263532	3.584391834	3.101231937	3.597975856
TCGA.BR.8078	3.358097828	3.284488164	2.928575876	3.001664686	0.784841596	3.319517322	3.593517287	2.945209145	3.600023295
TCGA.BR.8080	3.67404305	3.420695128	3.19774686	3.307215311	1.251672202	3.29778537	3.678378913	3.270364648	3.671347902
TCGA.BR.8081	3.597989368	3.42731861	2.928966106	3.047294752	1.551431296	3.30995962	3.526480791	3.028686204	3.608232086
TCGA.BR.8284	3.299908906	3.450744875	3.092586615	3.035808219	1.15753296	3.23805931	3.604814484	3.129161341	3.602948234
TCGA.BR.8286	3.314124115	3.375617031	2.728755305	3.182348225	1.172558075	3.343041483	3.617058849	2.830974299	3.63515269
TCGA.BR.8289	3.585673996	3.500229527	3.216051165	3.098193085	1.159438039	3.328066702	3.670959792	3.038324344	3.728250478
TCGA.BR.8291	3.756537496	3.445407856	3.237583941	3.164863801	1.129083598	3.334086186	3.546734138	3.389792507	3.66973056
TCGA.BR.8295	3.317586514	3.555532446	2.606199834	3.193044149	2.277177029	3.390759162	3.623298619	3.477583723	3.705517809
TCGA.BR.8296	3.240623693	3.479513669	2.723054876	2.701359121	2.116026319	3.340395379	3.634852354	3.117933685	3.668677684
TCGA.BR.8297	3.60697695	3.534291181	3.458477003	3.043746075	1.504394199	3.310886079	3.793902709	3.302793542	3.601840495
TCGA.BR.8361	2.524561259	3.145590468	2.461801823	2.443793981	1.300045499	3.32597527	3.565948061	2.719508211	3.62640996
TCGA.BR.8362	3.755668372	3.460900858	3.160000737	2.994239921	1.449319482	3.51118128	3.649824193	3.107833116	3.6382108
TCGA.BR.8363	3.369395766	3.432894479	2.602043024	2.730547997	1.538980082	3.282351467	3.563354298	3.008348631	3.725396487
TCGA.BR.8364	3.881663032	3.485088429	3.445702593	3.177168509	1.600116291	3.341165694	3.739132135	3.345735694	3.68856015
TCGA.BR.8365	3.703006446	3.535689691	3.440701805	3.074742258	1.573337494	3.305821859	3.827733048	3.39063233	3.700061674
TCGA.BR.8366	3.71105994	3.52524775	3.033556123	2.904979408	1.091706749	3.405880063	3.644920527	3.082768082	3.609959838
TCGA.BR.8367	3.988451666	3.381513578	3.246912759	2.887710692	0.850977805	3.217291867	3.718530953	3.208633355	3.598869047
TCGA.BR.8368	3.07665913	3.370475457	2.254239991	2.302406271	1.718312466	3.281785902	3.523335675	2.549112923	3.639096197
TCGA.BR.8369	3.578364121	3.446920954	3.104080375	2.823097713	0.58886308	3.250630656	3.711190924	3.136404414	3.600472054
TCGA.BR.8371	3.797389912	3.58164672	3.451463718	3.102608597	1.016982017	3.312602302	3.796995789	3.441464018	3.700542249
TCGA.BR.8372	3.153893586	3.36104557	2.547310353	2.974518708	1.708269183	3.447869988	3.57161124	2.801436243	3.575718026
TCGA.BR.8373	3.671314514	3.36355794	3.359403991	3.308031875	1.270211072	3.292586718	3.708871924	3.033453266	3.821524543
TCGA.BR.8381	3.447234462	3.509344061	2.999848317	2.92976486	1.598754248	3.294015522	3.561929185	3.067204683	3.595973731
TCGA.BR.8382	3.042075024	3.401709068	3.056947052	2.927430093	0	3.193081361	3.500723631	2.978088593	3.614675009
TCGA.BR.8384	3.655994064	3.520946429	3.417921124	3.051703205	1.97042118	3.266747883	3.804131701	3.427772808	3.67220294
TCGA.BR.8483	3.799245107	3.520779761	2.946827116	2.822841808	1.161099742	3.398777641	3.532096219	2.920951571	3.737692473
TCGA.BR.8484	3.380285063	3.450046671	2.605016229	3.154080423	1.946190576	3.281177841	3.533659612	3.509884653	3.562827093
TCGA.BR.8485	3.399501161	3.433680532	3.095235636	3.207333314	0	3.281726591	3.556384669	3.088196838	3.608503185
TCGA.BR.8486	3.333046559	3.392100318	2.861980586	2.996069121	0.767412635	3.279531966	3.559219056	3.071503534	3.517320855
TCGA.BR.8487	2.959833499	3.459998267	2.611846205	2.869419549	1.294650234	2.986397985	3.52415541	2.681824227	3.646159779
TCGA.BR.8588	3.511880531	3.417239749	2.83763541	3.007987882	0.683358311	3.325691786	3.605227141	3.113997029	3.593682533
TCGA.BR.8589	2.956204097	3.375125051	2.337325772	2.617783904	0	3.429884997	3.673825214	2.740768567	3.469407159
TCGA.BR.8590	3.695202874	3.366476892	3.106653983	3.184012158	1.39372379	3.26484645	3.646073696	3.309161293	3.666216757
TCGA.BR.8591	3.172959147	3.276382898	2.696803644	2.787580419	0.931163858	2.994306047	3.608821698	2.914863526	3.550183153
TCGA.BR.8592	3.698420794	3.525650646	3.424448545	3.080334001	1.776173008	3.265755266	3.786724081	3.352518355	3.668908942
TCGA.BR.8676	3.152457774	3.305299904	2.696305262	1.617727055	0	3.451089902	3.571531071	2.533121331	3.691322929
TCGA.BR.8677	3.561986114	3.520156845	2.985010126	3.234793038	1.511143833	3.299293771	3.598166813	3.101659618	3.629343682
TCGA.BR.8678	2.57505125	3.322483727	2.652915447	2.878182021	1.250462805	3.267703786	3.62349134	2.765777254	3.630252834
TCGA.BR.8680	3.272672258	3.310963411	2.658595778	2.450121845	1.123920188	3.30876637	3.563458766	2.59602002	3.399757352
TCGA.BR.8682	3.771448156	3.357089791	3.066082359	3.017083786	0	3.261802732	3.757918947	3.216772397	3.680577828
TCGA.BR.8683	3.462171932	3.495418336	2.994918598	3.387513525	1.789801471	3.352670844	3.705723557	3.118876371	3.634509332
TCGA.BR.8686	3.754077479	3.453230269	3.31035757	2.896537378	0.793999827	3.329430111	3.641971471	3.120204732	3.601716764
TCGA.BR.8687	3.359877408	3.296930753	2.939528127	3.236450939	0.827620235	3.256180931	3.653643203	3.484321725	3.561684566
TCGA.BR.8690	3.687386694	3.573611599	3.119480488	3.167504144	1.697938156	3.324654388	3.57946082	3.041581728	3.611620125
TCGA.BR.A44T	3.748496996	3.56939529	3.321734286	3.067107559	1.529502274	3.285686773	3.742757244	3.33628804	3.607654561
TCGA.BR.A44U	3.678271091	3.527467584	2.936264949	2.931758621	1.540392394	3.348063087	3.68014089	2.92560932	3.639354984
TCGA.BR.A452	3.214972523	3.479512653	2.358100289	2.798455659	0.359491359	3.28519963	3.572651092	3.491719636	3.608826028
TCGA.BR.A453	3.700522475	3.612208119	3.476153422	3.19669182	1.605309099	3.34265666	3.717298214	3.405188068	3.717330738
TCGA.BR.A4CS	3.960113003	3.661164191	2.653183565	2.718783122	2.859225705	3.511948825	3.512790957	2.923537027	3.779338377
TCGA.BR.A4IU	3.654216741	3.524588188	3.348864136	3.045591378	0.45270164	3.31387926	3.75777721	3.35398779	3.627539205
TCGA.BR.A4IV	3.651535273	3.584402325	3.459802247	3.120485226	1.619421204	3.352018102	3.875731875	3.404904249	3.674557081
TCGA.BR.A4IY	2.978350043	3.423367118	3.175425023	2.862616283	1.501861944	3.393629016	3.587564196	3.04683593	3.671312733
TCGA.BR.A4IZ	3.616293033	3.492690468	3.004032703	3.311304948	1.72498473	3.365796889	3.559818663	3.353724489	3.759563835
TCGA.BR.A4J1	3.454442548	3.440282959	2.811508005	3.355761723	1.754321448	3.408709845	3.490887338	3.594700189	3.663932388
TCGA.BR.A4J2	3.890387431	3.479523019	3.090395917	2.973896392	2.343457057	3.340710556	3.624593224	3.271942659	3.627634946
TCGA.BR.A4J5	3.489215885	3.50202587	3.299661675	2.993086737	1.628558169	3.323949565	3.70576867	3.264585283	3.657766941
TCGA.BR.A4J6	3.691007208	3.348463235	2.958294557	2.867353993	1.283567057	3.350246863	3.65154289	2.9965571	3.599353662
TCGA.BR.A4J7	3.753314002	3.529254729	3.480313281	3.023178037	1.227171082	3.377174434	3.753245193	3.275147085	3.65575299
TCGA.BR.A4J8	3.562321695	3.559825271	3.066269726	2.893507883	1.315434103	3.160646773	3.63117204	3.15047853	3.563027734
TCGA.BR.A4J9	3.758013574	3.601978306	3.459725955	3.130225074	1.381031815	3.315712876	3.84321745	3.39537929	3.637900685
TCGA.BR.A4PD	2.953586824	3.499935725	2.74046318	3.041753445	2.301831081	3.125153912	3.563339889	3.283789323	3.599108354
TCGA.BR.A4PE	2.563950899	3.391385031	2.581066546	2.963611126	0.35829039	3.374369331	3.607709682	2.906368865	3.543966589
TCGA.BR.A4PF	3.277435512	3.379393912	1.906562804	2.88888156	1.115167284	3.306132858	3.530686374	3.400769247	3.478272007
TCGA.BR.A4QI	3.741495181	3.565947287	3.063937429	3.446204841	1.956457147	3.396742345	3.628540639	2.717619144	3.765030276
TCGA.BR.A4QL	3.308129843	3.364616333	2.535582096	2.471293155	2.389247497	3.32706789	3.46230919	2.676683038	3.657984562
TCGA.BR.A4QM	3.336709004	3.465645669	2.661236489	2.748262396	0	3.308148475	3.518118739	2.934741327	3.501895246
TCGA.CD.5798	3.552927219	3.561656983	3.396783601	3.005563249	1.572162596	3.324796497	3.701357356	3.251716069	3.739162472
TCGA.CD.5799	3.498564794	3.473253521	2.895486607	2.916459625	0	3.278211515	3.380306176	3.15625391	3.531871427
TCGA.CD.5800	3.646638789	3.489512493	3.254036817	3.187476416	2.527723721	3.352761927	3.525553171	2.666859117	3.805559195
TCGA.CD.5801	3.149421745	3.481904952	2.692171391	2.867152982	0	3.434137243	3.623161541	2.774451679	3.605207132
TCGA.CD.5803	3.702738401	3.479883849	3.211562608	3.052125667	1.551784968	3.283758612	3.627268732	3.318336808	3.757912887
TCGA.CD.5804	3.810215016	3.503011835	3.101891622	3.110774594	1.503428144	3.278313523	3.588041395	3.26516472	3.695871801
TCGA.CD.5813	3.943707839	3.454154562	3.235478824	3.161091324	1.201123204	3.323830729	3.496801761	3.271480392	3.799852865
TCGA.CD.8524	3.707715829	3.497181757	3.056271726	2.891189553	1.781088887	3.29381529	3.653513289	3.058917547	3.690966729
TCGA.CD.8525	3.94963282	3.463715214	3.013308481	3.173222772	0	3.28412427	3.511135393	3.380901784	3.645920815
TCGA.CD.8526	3.635620036	3.456783438	2.730233992	3.109878554	1.520231484	3.299153005	3.619956473	3.529386409	3.710691808
TCGA.CD.8527	3.563810579	3.571392418	2.940105453	3.08911213	2.301124535	3.336555106	3.50009594	2.864726796	3.70980133
TCGA.CD.8528	2.661977926	3.330737138	2.777853491	2.905579605	0	3.023073062	3.53890236	2.901549419	3.533248737
TCGA.CD.8529	3.326386557	3.379074231	3.002556736	3.083558972	0.798818073	3.310430449	3.606270197	3.099974287	3.6863913
TCGA.CD.8530	3.78434472	3.476741694	3.148037552	3.135293478	1.596068964	3.379834864	3.719469417	3.177522455	3.685051177
TCGA.CD.8531	3.095259746	3.491008515	2.710083429	2.911028827	0.58563569	3.371136935	3.517934418	3.432062748	3.609823019
TCGA.CD.8532	3.567110058	3.401151168	3.48380519	2.888335194	0	3.310006579	3.492344548	3.406348604	3.524152957
TCGA.CD.8533	3.568535982	3.454612725	3.201370126	2.675931732	1.647213509	3.45780006	3.479664583	2.842223982	3.500148804
TCGA.CD.8534	3.745445021	3.508626837	2.93316755	2.950559199	1.813630698	3.396914804	3.640896802	3.051632553	3.537771192
TCGA.CD.8535	3.039709151	3.444805667	2.521508832	2.623102405	1.133537839	3.382633548	3.712155411	2.827894224	3.702624513
TCGA.CD.8536	3.081877672	3.30602659	2.763218247	2.656117031	0	3.214714872	3.604693061	2.788570689	3.699773953
TCGA.CD.A486	3.871300178	3.419614636	3.228131597	3.452350173	2.16125358	3.45356304	3.559547365	3.295998328	3.704397747
TCGA.CD.A487	3.330802958	3.340631062	3.095772943	2.829385423	1.101915296	3.300732478	3.595324266	3.081069116	3.569325999
TCGA.CD.A489	3.829812323	3.541040122	3.222158456	3.262925395	1.17306111	3.402447294	3.785085476	3.276384564	3.624097407
TCGA.CD.A48A	3.588392172	3.426308656	3.035359295	3.121908095	2.709959969	3.423176231	3.633427977	3.341961835	3.661755964
TCGA.CD.A48C	3.631910053	3.503693828	3.023219903	3.123475597	0	3.414051185	3.548432357	2.975244304	3.636084545
TCGA.CD.A4MG	2.932371236	3.381284128	2.89208011	2.848759735	1.528467933	3.340550396	3.487155366	2.949005717	3.60574452
TCGA.CD.A4MH	3.425648395	3.479168209	3.430905884	3.330274676	0.516734769	3.363930971	3.493015444	2.863348789	3.578091471
TCGA.CD.A4MI	3.813628914	3.538939533	3.249621132	3.160691623	1.779609956	3.307216941	3.671409308	3.231349544	3.654637095
TCGA.CD.A4MJ	2.744078894	3.29169689	2.872406176	2.77335962	0.384799971	2.94030155	3.534265734	2.841119164	3.694146783
TCGA.CG.4301	3.496629899	3.342157603	2.774049949	3.139450911	1.048272213	3.464246805	3.661904784	3.20724505	3.629952244
TCGA.CG.4304	3.213846813	3.421673897	2.648598324	3.118513092	0	3.401128608	3.549097589	2.992715639	3.63051261
TCGA.CG.4305	3.697619433	3.387948594	2.49623392	2.8154002	0.911108348	3.194748483	3.567021445	3.074507588	3.666420748
TCGA.CG.4306	3.311763481	3.267893698	2.433655533	2.603689738	1.285146449	3.235078314	3.597175598	2.990890161	3.542604561
TCGA.CG.4436	3.537750594	3.308354307	1.67236018	2.435681559	0	3.46074946	3.627528437	2.620344932	3.644712987
TCGA.CG.4437	3.362444209	3.453254351	2.933744211	2.944110509	0	3.338998588	3.501813773	2.968778161	3.6592002
TCGA.CG.4438	3.565462053	3.318390492	2.581391732	3.061852334	0	3.315086002	3.569730342	3.353318443	3.710905056
TCGA.CG.4440	3.209030266	3.283637217	1.57450947	3.119739052	0.843998965	3.382138888	3.568207697	2.699388751	3.693370386
TCGA.CG.4441	3.170311901	3.38907844	3.495510982	3.041263614	1.015411735	3.176708404	3.579415605	2.944929135	3.630674016
TCGA.CG.4443	2.906509567	3.182373426	1.617177137	2.806343293	1.522036609	3.280505799	3.666699173	2.771778246	3.797451064
TCGA.CG.4444	3.274997203	3.409888344	2.556172901	3.336907835	1.274732129	3.26062972	3.652485033	2.998054181	3.557104799
TCGA.CG.4449	3.450112864	3.409393903	2.714111684	3.34973947	1.323829955	3.332577975	3.570917442	3.38096726	3.632810078
TCGA.CG.4460	3.342571567	3.357037923	2.647148975	3.442833837	1.874289905	3.397553132	3.670350161	3.641388331	3.717520409
TCGA.CG.4462	3.812010766	3.408325227	2.705677251	3.0500818	1.551300929	3.354327468	3.619460294	3.170782981	3.69303729
TCGA.CG.4465	3.053635845	3.291301337	2.559795929	3.045882909	1.166799325	3.369350682	3.558637564	2.899140524	3.540495564
TCGA.CG.4466	3.56976484	3.390219726	2.611191085	2.639724708	1.224003545	3.402975246	3.600256133	2.625829572	3.620073293
TCGA.CG.4469	2.671195457	3.426815557	0.574272313	2.738365345	0.574272313	3.399105081	3.523807079	2.69844362	3.446837143
TCGA.CG.4472	3.746625861	3.40771093	2.958873073	2.961707418	0	3.388457189	3.724844857	3.058281999	3.676571587
TCGA.CG.4475	3.606015126	3.320439699	2.9982825	3.095851704	1.91129102	3.41486173	3.657851358	3.278328614	3.668308009
TCGA.CG.4477	3.333329875	3.478322618	2.391710217	2.997932752	0.608872239	3.39645365	3.57808036	3.470464096	3.548382214
TCGA.CG.5717	3.451535515	3.402445745	2.647570528	2.788569186	0.97941306	3.149054583	3.550090506	2.900513413	3.777155068
TCGA.CG.5718	3.584371127	3.405375413	2.361635534	2.745368637	1.595679243	3.247066681	3.490974579	3.22119099	3.642467586
TCGA.CG.5719	3.826280907	3.469301807	3.315598474	3.11722435	1.561600628	3.323166268	3.582369529	3.140703069	3.756620652
TCGA.CG.5720	3.69608055	3.395389672	2.610025762	2.750076581	0.583377553	3.301630524	3.489828962	2.856347604	3.565900076
TCGA.CG.5721	3.216638394	3.334408105	2.568627704	3.056621084	0.598457639	3.093429681	3.516355932	2.838718625	3.67690103
TCGA.CG.5722	3.168775586	3.415984362	2.872824776	2.395276289	0	3.235196343	3.501332801	2.976788014	3.582389697
TCGA.CG.5723	3.437195153	3.317831481	2.651641415	3.080970356	2.075318187	3.405810144	3.477502239	3.408067746	3.64116172
TCGA.CG.5724	3.126174038	3.334102874	2.889200239	2.912591925	1.031772062	3.395655405	3.540106749	2.795818273	3.845584598
TCGA.CG.5725	3.328724415	3.346007457	2.360544518	2.762242787	0	3.302042113	3.598649616	3.616463266	3.735789468
TCGA.CG.5726	3.078187352	3.293259017	2.076126092	2.55183461	1.622679005	3.367885788	3.501722231	2.418895887	3.558519698
TCGA.CG.5732	3.606485573	3.378077981	3.202922718	3.394129139	1.595204359	3.318354386	3.535065662	3.365038151	3.573949396
TCGA.CG.5734	3.290907585	3.360234002	2.537227661	2.842852645	1.349584553	3.304308072	3.471289719	2.750003584	3.619830154
TCGA.D7.5577	2.873342038	3.42241188	2.068188672	2.797133452	0	3.364664978	3.522482199	2.731350186	3.624779093
TCGA.D7.5578	3.275830927	3.441816995	2.753965831	2.888600579	1.346756612	3.298834723	3.528678218	2.930607062	3.655006035
TCGA.D7.6518	3.685724498	3.558884585	3.322689896	3.123583225	2.038020769	3.3669948	3.610848492	3.245741345	3.769013349
TCGA.D7.6519	3.341619902	3.512780429	3.003622805	3.258090812	0.892188702	3.425577386	3.4574905	3.464387641	3.63624926
TCGA.D7.6520	3.862552721	3.512770594	3.604659488	3.427396226	1.211834296	3.32825018	3.525360267	3.437179464	3.827213379
TCGA.D7.6521	3.337042885	3.5920248	3.623789502	3.206189439	0.897924593	3.379640327	3.563024809	3.299760442	3.742497778
TCGA.D7.6522	3.721348765	3.488352326	3.099267701	3.129163552	0.694759472	3.301104949	3.465674045	3.216927645	3.804251581
TCGA.D7.6524	3.210541599	3.448115985	2.870577349	3.023041047	1.033447729	3.324237948	3.586517352	3.184901194	3.683058777
TCGA.D7.6525	2.96245919	3.504014688	2.916821834	2.73134516	0.552630483	3.392524718	3.624499477	2.769192002	3.777462302
TCGA.D7.6526	3.752313508	3.419746733	2.614701592	2.848261809	1.286469555	3.263722069	3.598905205	2.819750762	3.790749909
TCGA.D7.6527	3.339923196	3.424768427	2.823961533	3.270249987	1.70054358	3.239604276	3.5175215	3.249441829	3.669347636
TCGA.D7.6528	2.063460576	3.408303358	2.390846816	2.482903192	0	3.23622433	3.551520921	2.465403887	3.510302323
TCGA.D7.6815	3.673042683	3.439903275	3.238295407	3.191426563	0	3.334130961	3.58218207	2.867421805	3.621967723
TCGA.D7.6817	3.081702695	3.342756203	2.868600167	3.077817312	2.051318442	3.059389953	3.552594863	2.925941084	3.595029096
TCGA.D7.6818	3.617850332	3.4386262	2.710403061	3.061609806	0.638581064	3.358567567	3.584731715	3.494539181	3.784597849
TCGA.D7.6820	2.518642901	3.319319114	2.106123331	3.319013486	0.540410703	3.035344948	3.55693833	3.135828144	3.583039593
TCGA.D7.6822	3.03193314	3.383590039	2.553461049	2.541111614	0.499809932	3.345997104	3.576013955	3.407839071	3.578528095
TCGA.D7.8570	3.084795238	3.418529454	2.656027543	3.052758756	0.580124981	3.3505871	3.560627814	3.027883806	3.643119195
TCGA.D7.8572	3.531201789	3.426672705	3.181246328	3.292592012	1.627024135	3.328788818	3.565966232	3.082547737	3.657084376
TCGA.D7.8573	2.604845719	3.266888516	2.294328023	2.270170183	0.899886217	3.362681351	3.557604516	3.394423905	3.276969251
TCGA.D7.8574	3.489554637	3.493349279	3.130770447	2.911535502	1.347261725	3.262842074	3.579423329	3.163241393	3.641733551
TCGA.D7.8575	3.651525625	3.423792995	2.758226589	3.282620572	1.260294735	3.43737349	3.714701989	2.882448363	3.681318723
TCGA.D7.8576	2.935628022	3.361361771	2.789461177	3.086836634	0	3.30377075	3.548494308	2.970610413	3.618181872
TCGA.D7.8578	3.35922822	3.490867699	3.319043349	3.243702416	1.355388161	3.397661988	3.592203427	3.445668742	3.756550998
TCGA.D7.8579	3.590745908	3.446754606	3.264168806	2.909168992	0	3.272343285	3.743512747	3.254227639	3.613755183
TCGA.D7.A4YT	3.189970936	3.351639974	2.563312385	3.01852793	1.306206015	3.331752554	3.70752852	3.356322403	3.660627945
TCGA.D7.A4YU	3.208874801	3.490781289	2.918057942	2.639063705	1.8817254	3.26208856	3.629348413	3.1037181	3.602030956
TCGA.D7.A4YV	3.361066988	3.42078895	2.97160712	2.643701884	1.448331068	3.071637022	3.659328827	3.02795107	3.617239802
TCGA.D7.A4YX	2.53879113	3.3192815	2.161684931	2.493699647	0.742917192	3.332415333	3.631701813	2.609025534	3.556967766
TCGA.D7.A4YY	3.611651062	3.355553078	2.712626196	3.106944901	1.242535643	3.362339609	3.560681476	2.900851603	3.580317596
TCGA.D7.A4Z0	3.356261745	3.364903619	3.050426919	2.855771161	1.572483313	3.300299834	3.599274068	3.144388661	3.556760313
TCGA.D7.A6EV	2.278849429	3.213544967	2.260615834	2.855361563	0.461832745	3.298252353	3.512224866	2.436788699	3.441319617
TCGA.D7.A6EX	3.495440884	3.635118972	2.93661402	3.425414919	1.988062748	3.368273747	3.581732371	3.608253661	3.57858369
TCGA.D7.A6EY	3.560892632	3.297864844	2.985621756	3.059011214	1.411632892	3.277110149	3.595220291	3.021850788	3.602608923
TCGA.D7.A6EZ	2.763676347	3.469681307	2.192171594	2.675901449	0.97860509	3.330001304	3.632266184	2.663183592	3.473744303
TCGA.D7.A6F0	3.833545359	3.367707489	3.461167991	3.279689248	0	3.385787946	3.54852707	3.60326729	3.703203515
TCGA.D7.A6F2	3.401214228	3.369904089	2.733867551	2.970717797	0	3.311434469	3.591674926	2.944248715	3.582435009
TCGA.D7.A747	3.848212063	3.623214738	3.50178182	3.098017363	2.079282171	3.360109781	3.878329938	3.377122249	3.642178778
TCGA.D7.A748	3.88553365	3.538679644	3.228904653	3.28028286	0	3.337233467	3.483355582	3.186548507	3.729109581
TCGA.D7.A74A	2.86562974	3.475239872	2.397029723	2.260935528	0.904338399	3.3168577	3.534532219	2.491454346	3.563689978
TCGA.EQ.8122	3.456633471	3.438883476	3.056021812	3.080571497	1.108232699	3.251077947	3.575138872	3.155392773	3.746107587
TCGA.EQ.A4SO	2.436321411	3.29375951	2.025318948	2.543722155	1.093265067	3.397148318	3.657817066	3.533728458	3.515662017
TCGA.F1.6874	2.277439459	3.275019641	2.277439459	2.980204784	1.491915389	3.234251894	3.590408431	2.888563443	3.603214568
TCGA.F1.6875	2.699932365	3.473471794	1.726560934	3.156251395	1.266174846	3.329698154	3.609506058	3.574593216	3.773931558
TCGA.F1.A448	3.00857766	3.3296846	2.623843741	2.965400124	1.481547247	3.232488136	3.566025799	3.112812319	3.627382353
TCGA.F1.A72C	3.108067624	3.60570607	2.888099414	2.996788828	1.821926685	3.356895786	3.424433068	3.040239368	3.56435411
TCGA.FP.7735	3.594367527	3.535886671	2.961290213	2.752185036	1.20995481	3.409194973	3.579144855	3.376853797	3.864572861
TCGA.FP.7829	2.959569289	3.201638032	2.846190424	2.94244073	2.219131406	3.329886369	3.505524586	2.921148002	3.571774796
TCGA.FP.7916	3.723403563	3.448456122	2.978366625	2.910853158	1.181315928	3.399281629	3.620411255	3.115720751	3.537605529
TCGA.FP.7998	3.364187534	3.412802513	2.95370213	3.044096392	0.803103	3.302480182	3.666569136	3.168185946	3.590165334
TCGA.FP.8099	3.249511998	3.498572653	2.993819338	2.98643732	0.516086905	3.3075116	3.598573108	2.825429868	3.66075861
TCGA.FP.8209	3.701985225	3.568502518	3.467592537	2.984599111	1.730690527	3.285173519	3.785442931	3.464840028	3.667357488
TCGA.FP.8210	3.771346513	3.502431579	3.193487741	3.027021852	2.058604508	3.241925884	3.677151589	3.320530746	3.647693286
TCGA.FP.8211	2.998403122	3.460231797	2.391277771	2.761198171	0	3.320188694	3.275316108	2.81045002	3.539885048
TCGA.FP.8631	3.612883393	3.40606661	3.345927783	3.255864836	1.703829085	3.361639511	3.552444992	3.230043957	3.551575038
TCGA.FP.A4BE	2.837429277	3.469805347	2.389672264	2.814192647	0.396573253	3.04412195	3.484815937	2.811966682	3.573239993
TCGA.FP.A4BF	3.692206157	3.523666743	3.058653198	3.14899914	1.382737087	3.340147663	3.542056103	3.082639944	3.637720549
TCGA.FP.A8CX	3.594567925	3.365706257	2.355405145	2.915087691	0	3.293250319	3.498212236	2.982192736	3.496878894
TCGA.FP.A9TM	3.158333601	3.407377422	2.659655845	2.577455486	2.042552579	3.269417146	3.621160848	2.956819802	3.445687253
TCGA.HF.7132	3.60105466	3.439648916	2.726568295	2.845217042	1.516100018	3.287233211	3.601715503	3.027222408	3.58545917
TCGA.HF.7133	3.148449102	3.374414546	2.706216968	3.597000451	1.45681779	3.276085721	3.594711178	3.35469402	3.591275906
TCGA.HF.7134	2.737106096	3.427579043	2.21430347	2.678638532	0.991247305	3.159905305	3.611225582	2.681145991	3.521821104
TCGA.HF.A5NB	1.917171987	3.285104699	1.5049483	2.542881872	0.382345538	3.118351144	3.541200407	2.530851916	3.518515008
TCGA.HJ.7597	2.85661596	3.497621207	3.259870767	3.094285327	1.939057065	3.329396875	3.679522425	2.75753691	3.694680019
TCGA.HU.8238	3.392430739	3.352317213	2.252779383	2.690342476	1.493618773	3.269231201	3.573668951	2.864593279	3.589740833
TCGA.HU.8243	3.8307414	3.25733591	2.370467495	3.260373297	1.994239614	3.300373613	3.564391417	3.29718525	3.669831914
TCGA.HU.8244	2.597780438	3.387811726	1.753463499	1.926030522	0.744085775	3.232803323	3.536918783	2.485598961	3.474183468
TCGA.HU.8249	3.037845094	3.48520459	2.556643149	2.751773556	0.688618099	3.416394929	3.553365359	3.105966485	3.342462813
TCGA.HU.8602	1.696459916	3.163874282	1.917485467	2.915545118	1.763426606	3.299951309	3.56377285	2.66366613	3.624457434
TCGA.HU.8604	3.634143578	3.342409029	2.813503955	3.083625388	0.70300051	3.335961635	3.513938728	2.960146983	3.596087552
TCGA.HU.8608	2.145818441	3.182370372	1.910743898	2.902386806	0	3.296976966	3.595783992	2.966902296	3.553384462
TCGA.HU.8610	3.815915021	3.387938769	2.391056092	3.051482841	0	3.266148083	3.56770094	2.96347467	3.681747649
TCGA.HU.A4G2	2.780184122	3.311281161	2.178637539	2.796771975	0	3.407715013	3.626840407	2.840737339	3.54419389
TCGA.HU.A4G3	3.25955646	3.353310895	2.730939022	2.527077248	1.357400105	3.280370906	3.631672051	2.878737866	3.508543373
TCGA.HU.A4G6	2.719620645	3.306431075	1.890920174	2.218115786	0.8572272	3.377903754	3.72587258	2.389034896	3.583188835
TCGA.HU.A4G8	2.622393147	3.18894527	2.28862905	2.765224512	0.973734666	3.307431433	3.567523289	2.667869409	3.526577276
TCGA.HU.A4G9	1.860704344	3.25374682	1.590531591	1.860704344	0.603349747	3.274662104	3.596567033	2.265104127	3.537066255
TCGA.HU.A4GC	3.51182737	3.487928137	2.76121326	2.403500051	1.189188017	3.352252291	3.598621862	3.446109232	3.604674755
TCGA.HU.A4GD	3.497033289	3.593603087	2.892907089	3.237426713	2.247065221	3.425473211	3.537756519	3.381698401	3.460821988
TCGA.HU.A4GF	2.924294247	3.417225053	2.611785192	3.087479566	1.558675355	3.372463017	3.518827683	2.7057147	3.632685671
TCGA.HU.A4GH	3.145914499	3.44944229	2.157859779	3.026079797	1.205957852	3.345880617	3.573771824	3.192800209	3.47054659
TCGA.HU.A4GJ	3.442801018	3.399241803	3.170799441	2.784031645	2.440358807	3.283885527	3.569492139	3.246889699	3.543842441
TCGA.HU.A4GN	2.270985793	3.165871588	2.156724038	2.460563113	0.775702447	2.96591144	3.550555722	2.633976628	3.426711036
TCGA.HU.A4GP	2.86092477	3.318077074	2.353215905	2.505048663	1.042289731	3.250966312	3.57973165	2.792973395	3.428056447
TCGA.HU.A4GQ	3.477361698	3.460959974	2.914510702	2.776391292	0	3.381941051	3.652323603	3.044516383	3.494936407
TCGA.HU.A4GT	2.930608445	3.307125008	2.252657378	2.751049826	0.518997741	3.322222825	3.473519768	2.628529797	3.423548288
TCGA.HU.A4GU	1.438408284	3.287306645	3.055653702	2.698784203	0.444290923	3.328032272	3.632981662	2.578260489	3.511193167
TCGA.HU.A4GX	3.142466028	3.320550572	2.454160598	2.579453731	0.788709448	3.352930878	3.568750389	3.122124144	3.427893296
TCGA.HU.A4GY	3.767604265	3.437987361	2.878996652	3.105035771	1.570931153	3.292381638	3.557578752	3.225329438	3.662451028
TCGA.HU.A4H0	2.857642952	3.129973041	2.085208585	2.628344557	0.983115989	3.40558239	3.594293114	2.548311815	3.673799543
TCGA.HU.A4H2	3.250534517	3.292003098	2.544813721	2.752985224	1.197061977	3.336184364	3.579461126	2.719023067	3.624020181
TCGA.HU.A4H3	2.565559491	3.435514663	2.427736771	2.726670666	0.970247475	2.886330527	3.551762025	2.583269528	3.633322691
TCGA.HU.A4H4	2.627613487	3.407276215	2.048994842	2.782233284	1.038495457	3.402270737	3.503283151	2.719790848	3.477265264
TCGA.HU.A4H5	2.743061239	3.322028761	1.828574921	2.724571639	1.580150745	3.338092892	3.667769483	2.659631087	3.717877859
TCGA.HU.A4H6	3.243478488	3.355273367	2.631028392	2.567992772	2.112064942	3.276665159	3.598903038	3.025012379	3.56854463
TCGA.HU.A4HB	3.291084634	3.404228602	3.05469455	3.127188768	1.919497118	3.324486315	3.523588663	3.303046207	3.626558232
TCGA.HU.A4HD	3.360284881	3.312429886	2.662966858	3.312231673	1.498464989	3.371255883	3.652588978	3.338070174	3.74687142
TCGA.IN.7806	3.459635732	3.491700613	2.202672169	2.750453499	0.803245348	3.232557538	3.632866671	2.903938682	3.603257469
TCGA.IN.7808	3.416398025	3.489330695	2.685739351	2.89678821	2.256333283	3.29615303	3.607947969	3.151227861	3.491142328
TCGA.IN.8462	3.707172688	3.542022433	2.981521008	2.865420687	1.567109339	3.356887384	3.635151763	3.035752845	3.727854637
TCGA.IN.8663	2.732533483	3.37773236	2.565992398	2.507078759	0	3.357021366	3.727397744	2.743343162	3.519660567
TCGA.IN.A6RI	3.176691116	3.549219235	1.9888537	3.281631897	2.418809847	3.215648952	3.489347203	3.505342084	3.516223315
TCGA.IN.A6RJ	3.260918911	3.401877934	2.454957808	2.909829047	0	3.017028876	3.441534858	2.494832977	3.746584571
TCGA.IN.A6RL	3.744751627	3.463904845	2.493232851	2.401728389	1.868352934	3.37894603	3.564821548	2.800857396	3.589271275
TCGA.IN.A6RN	3.345791519	3.449848308	2.618870851	3.357072939	1.629457226	3.353762716	3.594714215	3.449528206	3.456125593
TCGA.IN.A6RR	3.395019007	3.524257209	2.362090163	2.496208803	1.15141744	3.339328441	3.57883253	2.627922668	3.570705152
TCGA.IN.A6RS	2.721647904	3.434324825	1.759939207	2.855481657	1.497216263	3.415547033	3.526179996	2.721647904	3.615939904
TCGA.IN.A7NR	3.539293433	3.371979359	2.87368237	2.801548045	0	3.270148922	3.513109656	2.840291994	3.632092779
TCGA.IN.A7NT	2.668847187	3.351118825	2.793356665	2.983030381	1.920048346	3.366706265	3.533045658	2.769047931	3.777272274
TCGA.IN.A7NU	3.379467702	3.466374741	2.7637599	2.806244375	0	3.375730015	3.605118801	2.869015433	3.670438492
TCGA.IN.AB1V	3.214024923	3.379839186	2.366247771	3.035969949	0.571477797	3.145112544	3.577941312	3.213155288	3.719105513
TCGA.IN.AB1X	3.078980566	3.451347588	2.378690725	3.089681609	0.462879108	3.238760379	3.515363489	2.857363265	3.48417183
TCGA.IP.7968	2.881554371	3.395804716	3.008900163	2.846621077	0	3.27723685	3.696014041	2.932829626	3.697762209
TCGA.KB.A6F7	3.645968118	3.487460972	2.318257129	3.238013037	1.713136316	3.427527068	3.599226115	3.590123795	3.641471286
TCGA.KB.A93G	3.016794975	3.456862377	2.888546862	3.193283853	1.336292794	3.346512148	3.55183847	3.244425829	3.620320958
TCGA.KB.A93H	2.671100594	3.312375876	1.903620682	3.273019994	1.017487685	3.279746553	3.464560901	2.26296563	3.463538602
TCGA.KB.A93J	2.997940959	3.539411074	1.878516197	2.750434842	2.200956581	3.370861863	3.542153395	3.5091332	3.56700102
TCGA.MX.A5UG	3.566208023	3.428174022	3.113957739	3.017412961	1.183142408	3.28055919	3.677909498	3.249510978	3.654446008
TCGA.MX.A5UJ	3.362434865	3.349822586	2.823531744	2.907129424	1.778879807	3.281578914	3.526505777	3.069076184	3.599956483
TCGA.MX.A663	3.807860782	3.520029004	3.138044225	3.277201103	1.525764262	3.340526519	3.641153601	3.214808943	3.722356253
TCGA.MX.A666	3.387820013	3.409260555	2.88854222	3.32649743	2.056801932	3.300714723	3.50944321	3.567672067	3.6744479
TCGA.R5.A7O7	3.334684522	3.402599702	2.430381133	2.799524003	2.573423751	3.380241509	3.543571371	2.92070298	3.571735583
TCGA.R5.A7ZE	3.518823113	3.422882918	2.435029477	2.910818189	0	3.344368694	3.496531107	2.544732498	3.702431701
TCGA.R5.A7ZF	2.574172782	3.415798478	1.287632448	3.097810987	0	3.372725107	3.529040127	3.318514342	3.604691965
TCGA.R5.A7ZI	2.610955256	3.441094252	2.349018875	2.983783545	1.15498285	3.34193043	3.520083812	3.3568993	3.61849042
TCGA.R5.A7ZR	3.289016848	3.404531852	3.142591716	3.250585248	1.458984611	3.351629011	3.353451654	3.344570859	3.454257048
TCGA.R5.A805	3.444688142	3.354707135	2.935987255	2.950299161	1.122315557	3.338153334	3.528691571	3.071357111	3.543965697
TCGA.RD.A7BS	3.647576184	3.456865135	2.885856705	3.102119962	2.546080313	3.249744349	3.565576637	3.110657266	3.651654255
TCGA.RD.A7BT	3.607810792	3.394776001	2.670858541	2.607730182	1.243422146	3.344781788	3.467399697	2.555831724	3.35695422
TCGA.RD.A7BW	3.946833905	3.61510896	3.221978252	3.290368325	2.260185959	3.378647468	3.841934763	3.406674474	3.742175959
TCGA.RD.A7C1	2.78714833	3.345519642	2.808193475	3.03924401	2.097662906	3.264678195	3.552556641	2.998698768	3.510156
TCGA.RD.A8MV	3.40503146	3.474403932	2.552777812	3.0994969	1.164408571	3.293658666	3.535481202	2.918009431	3.520735733
TCGA.RD.A8MW	3.432456855	3.452195726	3.042685338	3.245990694	1.656841427	3.236136997	3.516460885	3.38291923	3.679098044
TCGA.RD.A8N0	3.680962235	3.4148842	3.22869639	2.903412681	1.375536656	3.294327656	3.599910026	3.28019982	3.53309674
TCGA.RD.A8N1	3.741213079	3.43633337	2.573376305	3.003929102	1.497278775	3.283101303	3.560771549	3.564982293	3.510995575
TCGA.RD.A8N2	3.716265172	3.622654675	3.485023413	3.179874475	1.067818941	3.335717573	3.85821481	3.476422194	3.61822076
TCGA.RD.A8N4	3.659695042	3.584817204	3.481121818	3.112257085	2.01660292	3.358485742	3.835107505	3.465060099	3.6399994
TCGA.RD.A8N5	3.208649683	3.451487027	2.902337723	3.310592387	1.588160334	3.360166546	3.554938905	3.118488866	3.593864742
TCGA.RD.A8N6	3.857939645	3.528480371	3.351329125	3.294035874	2.131408233	3.357244136	3.755897534	3.491333334	3.61328047
TCGA.RD.A8N9	3.637355346	3.46405803	2.795910743	3.249707003	1.821642285	3.311492631	3.642829174	3.24170061	3.682427463
TCGA.RD.A8NB	3.448918553	3.438664167	2.93061481	2.81901329	1.176377602	3.284263907	3.630344306	3.095720679	3.539236285
TCGA.SW.A7EA	2.547668068	3.32706216	2.962386292	2.68784616	1.85171194	3.304176151	3.533201092	2.642042789	3.571011537
TCGA.SW.A7EB	3.655325117	3.556768733	3.023165603	3.28390942	1.952954596	3.356609459	3.534429808	3.397133832	3.605973819
TCGA.VQ.A8DT	3.061654145	3.369170076	2.411567466	2.632382831	1.500746047	3.345937998	3.599156104	2.651672872	3.515147832
TCGA.VQ.A8DU	3.525209517	3.500916252	2.787694108	3.175316469	2.05029511	3.413803964	3.622359677	2.959183256	3.651853332
TCGA.VQ.A8DV	3.097457072	3.513378694	2.203129457	3.275731941	0	3.434688628	3.639558823	3.699458123	3.715111412
TCGA.VQ.A8DZ	3.519249368	3.337588787	2.771932011	3.319331485	0.980811011	3.358480367	3.507491692	3.536329144	3.669937468
TCGA.VQ.A8E0	3.562716909	3.246210165	2.978961661	3.018878805	1.736856029	2.898047588	3.533387987	3.432346042	3.469793608
TCGA.VQ.A8E2	3.618980094	3.440644521	3.223033742	3.266581485	1.634378568	3.373871872	3.55601936	3.517101423	3.617291682
TCGA.VQ.A8E3	2.565840434	3.466957076	2.364271528	2.570655187	1.754607053	3.355514524	3.530823572	2.707027563	3.551691179
TCGA.VQ.A8E7	3.179494492	3.452730488	2.606093356	2.7569022	1.267056272	3.282157418	3.668678511	2.851118389	3.696651195
TCGA.VQ.A8P2	2.572859535	3.13266399	2.082849504	2.315171618	1.277906427	2.661796239	3.57518652	2.427166063	3.70975483
TCGA.VQ.A8P3	3.217007426	3.3709048	2.978338613	2.656187263	0.948897375	3.094994126	3.663193882	2.845999789	3.579068629
TCGA.VQ.A8P5	3.166544369	3.335044403	2.871377477	2.871377477	2.249476051	3.3553608	3.60355823	2.948528331	3.624193579
TCGA.VQ.A8P8	3.512533465	3.41428122	2.877104346	2.730168999	1.555842635	3.229461719	3.593572982	3.071040268	3.554743725
TCGA.VQ.A8PB	2.534489726	3.34825442	2.503790113	2.839790507	0.999739773	3.00785534	3.597573041	2.792861107	3.571782743
TCGA.VQ.A8PC	3.327000777	3.399128538	2.833096297	3.053662194	1.260492871	3.224964986	3.676169499	3.069139061	3.567861292
TCGA.VQ.A8PD	3.004565506	3.433140093	2.765832681	2.873155231	1.463401706	3.251333418	3.629799648	3.154735427	3.571350576
TCGA.VQ.A8PE	3.535687131	3.419891052	2.172620634	3.239611862	0.422776924	3.351324773	3.54327496	2.776157032	3.725445373
TCGA.VQ.A8PF	3.451760451	3.472811406	2.570038525	3.154863737	1.452455609	3.351668	3.562093644	2.997208537	3.613933357
TCGA.VQ.A8PH	3.2804834	3.550378722	3.249686738	3.270530146	1.87121058	3.398618297	3.525465764	2.565006078	3.466289053
TCGA.VQ.A8PJ	3.94808385	3.364091607	2.398710032	3.195258041	1.34703729	3.318097875	3.463439808	3.120985584	3.581630228
TCGA.VQ.A8PK	3.511182345	3.509801642	3.10300935	3.140768038	2.313263896	3.3916186	3.448768718	2.831522113	3.652914972
TCGA.VQ.A8PM	3.318344892	3.518071637	2.996217427	3.266468551	2.449887145	3.403848316	3.540377316	3.402040059	3.616943422
TCGA.VQ.A8PO	2.568639193	3.343057722	2.607319383	2.914087791	1.515096763	3.253392357	3.503242941	2.853156807	3.489622584
TCGA.VQ.A8PP	3.021101895	3.367860584	2.832857805	2.911590196	2.052237043	3.262744559	3.555338748	2.935858829	3.605465608
TCGA.VQ.A8PQ	3.576408688	3.504878943	2.9084964	2.995813851	1.348913954	3.261795027	3.650286785	3.20921003	3.582619679
TCGA.VQ.A8PU	2.842464298	3.290777481	2.395791822	2.372198788	0	3.331787477	3.664944575	2.652378408	3.524818744
TCGA.VQ.A8PX	2.764416854	3.360430999	2.238024488	2.758244683	1.948700859	3.238042803	3.540246572	3.313287616	3.405689715
TCGA.VQ.A91A	2.829028895	3.434624566	2.795139757	3.127388948	0.743229014	3.285280917	3.480668406	3.069089912	3.619463999
TCGA.VQ.A91D	2.689443158	3.37122356	2.492826599	2.861203676	1.867808077	2.971147973	3.569021308	2.827540638	3.714371483
TCGA.VQ.A91E	2.792773408	3.376337557	2.162617018	2.2836585	1.294526274	3.280883073	3.516281237	2.785533221	3.519022312
TCGA.VQ.A91K	3.16532692	3.424776683	2.864976756	2.895408035	1.796908155	2.924508028	3.586040204	2.88198065	3.617777523
TCGA.VQ.A91N	3.137504856	3.421244905	2.502191904	3.019449263	2.756354211	3.237362955	3.679993407	3.528241739	3.59944918
TCGA.VQ.A91Q	3.09024073	3.303337411	2.649700161	3.223285584	2.088313438	3.319033974	3.587791314	3.278063659	3.620825568
TCGA.VQ.A91S	3.070993754	3.499940989	2.180863429	3.231676355	0	3.25278546	3.653236107	2.68256662	3.693326494
TCGA.VQ.A91U	3.560727187	3.309011262	2.129025378	2.652862976	0	3.338858111	3.576077228	2.789727704	3.610080995
TCGA.VQ.A91V	3.21340944	3.28693756	2.404771631	2.707468773	0	3.409508008	3.661044529	2.584430813	3.454763597
TCGA.VQ.A91W	2.419253172	3.478651856	2.116026319	2.829306428	0.388915854	3.403695388	3.592158117	2.783648574	3.620181201
TCGA.VQ.A91X	3.011818515	3.546816355	3.174734538	1.712560326	1.131419109	3.31281661	3.567564234	2.321013601	3.618979632
TCGA.VQ.A91Y	3.822947324	3.51117066	3.174979	3.119730253	1.622615034	3.258901946	3.764766703	3.335933906	3.635606951
TCGA.VQ.A91Z	2.535115923	3.331100516	2.065406085	2.204849063	2.286330207	3.358201931	3.648282107	2.328653192	3.716404017
TCGA.VQ.A922	3.443723338	3.454438131	2.97567291	2.994526603	2.18694726	3.295600189	3.581125569	3.5404404	3.761969382
TCGA.VQ.A923	3.382192998	3.41445543	2.584754286	2.679603627	1.175338483	3.31353369	3.54112608	3.013155384	3.455472913
TCGA.VQ.A924	3.371189101	3.321671198	2.705022413	2.801786229	0	2.902937889	3.563118253	2.859642989	3.567133013
TCGA.VQ.A925	3.169065308	3.430579057	2.718083775	3.379843566	1.261317658	3.254897739	3.670939359	2.981294657	3.549871351
TCGA.VQ.A927	3.094395667	3.423521077	2.811795634	2.757658788	1.306509145	3.252761037	3.555556676	3.212995394	3.501916348
TCGA.VQ.A928	3.727912004	3.485390562	2.978106765	3.039641554	2.134593989	3.184525632	3.729323242	3.12135187	3.605431277
TCGA.VQ.A92D	2.961053849	3.358504684	2.550560294	2.574530799	1.081225284	3.217712719	3.55469683	2.730327981	3.551729758
TCGA.VQ.A94O	3.445228426	3.415341552	2.324583897	3.279874543	1.809216323	3.398137478	3.549990486	2.765212411	3.692313309
TCGA.VQ.A94P	3.811559518	3.575417713	3.372800889	3.112088576	1.82203836	3.338105792	3.859624537	3.422839497	3.674828002
TCGA.VQ.A94R	3.671841506	3.467429342	2.8458217	2.873366793	2.389894931	2.934717138	3.537947343	2.976667926	3.689362043
TCGA.VQ.A94T	2.38407896	3.27289173	2.062260781	2.625392539	0.414391646	3.356017964	3.591958255	2.71012366	3.57053513
TCGA.VQ.A94U	3.804905652	3.496354467	2.814023142	2.734692339	2.134544288	3.304523929	3.584571582	2.859551196	3.580799337
TCGA.VQ.AA64	3.116898756	3.434956258	3.000694861	3.197725043	1.494813903	3.34171401	3.580959318	3.045022331	3.644939505
TCGA.VQ.AA68	3.016173345	3.297496586	2.018261836	2.318438646	1.514694878	3.433420736	3.623316521	2.665615875	3.670376164
TCGA.VQ.AA69	3.158329102	3.499723063	1.483844118	2.152556732	0.660057393	3.311491684	3.627909463	2.489370298	3.575334241
TCGA.VQ.AA6A	3.526638421	3.48111465	2.619833107	3.350852883	1.253012831	3.434861622	3.527307666	3.225406303	3.478537824
TCGA.VQ.AA6B	3.032021978	3.400219637	2.723679475	2.476106622	0.743774352	3.373019268	3.567912573	2.640395627	3.428093846
TCGA.VQ.AA6D	3.735904042	3.207146948	2.68992892	3.317012416	1.429146463	3.306455101	3.532318648	2.562735785	3.634936658
TCGA.VQ.AA6F	2.733408051	3.430817219	3.441722235	3.056574588	1.344110833	3.314935642	3.497050833	2.95906192	3.427234141
TCGA.VQ.AA6G	3.053106746	3.318006268	2.171511363	2.387409291	0.489910956	3.304338732	3.545511728	2.60255842	3.489727413
TCGA.VQ.AA6I	3.184332668	3.246450486	2.397519815	2.610146575	1.349361116	3.318113359	3.607317819	2.940364403	3.445810336
TCGA.VQ.AA6J	3.246331645	3.495910868	2.586311049	2.865350475	1.19207434	3.392309992	3.458463715	2.955752058	3.586339087
TCGA.VQ.AA6K	3.349810849	3.396115277	2.74566585	2.747756746	1.717613733	3.265529935	3.603600435	2.907634577	3.595096635
TCGA.ZA.A8F6	3.813447629	3.470444898	3.115589786	3.299947275	1.771405938	3.319114579	3.654444354	3.221018167	3.642195794
TCGA.ZQ.A9CR	3.008751765	3.41211779	2.657425844	3.13663956	1.505112357	3.402811906	3.513835842	3.053197273	3.604268105
